USC00116200,20120101,TMAX,83,,,7,0600
USC00116200,20120101,TMIN,6,,,7,0600
USC00116200,20120101,TOBS,44,,,7,0600
USC00116200,20120101,PRCP,48,,,7,0600
USC00116200,20120101,SNOW,0,,,7,
USC00116200,20120101,SNWD,0,,,7,0600
USC00116200,20120102,TMAX,44,,,7,0600
USC00116200,20120102,TMIN,-83,,,7,0600
USC00116200,20120102,TOBS,-83,,,7,0600
USC00116200,20120102,PRCP,0,,,7,0600
USC00116200,20120102,SNOW,0,,,7,
USC00116200,20120102,SNWD,0,,,7,0600
USC00116200,20120103,TMAX,-28,,,7,0600
USC00116200,20120103,TMIN,-94,,,7,0600
USC00116200,20120103,TOBS,-94,,,7,0600
USC00116200,20120103,PRCP,0,T,,7,0600
USC00116200,20120103,SNOW,0,T,,7,
USC00116200,20120103,SNWD,0,,,7,0600
USC00116200,20120104,TMAX,-11,,,7,0600
USC00116200,20120104,TMIN,-111,,,7,0600
USC00116200,20120104,TOBS,-11,,,7,0600
USC00116200,20120104,PRCP,0,,,7,0600
USC00116200,20120104,SNOW,0,,,7,
USC00116200,20120104,SNWD,0,,,7,0600
USC00116200,20120105,TMAX,83,,,7,0600
USC00116200,20120105,TMIN,-33,,,7,0600
USC00116200,20120105,TOBS,-17,,,7,0600
USC00116200,20120105,PRCP,0,,,7,0600
USC00116200,20120105,SNOW,0,,,7,
USC00116200,20120105,SNWD,0,,,7,0600
USC00116200,20120106,TMAX,128,,,7,0600
USC00116200,20120106,TMIN,-17,,,7,0600
USC00116200,20120106,TOBS,50,,,7,0600
USC00116200,20120106,PRCP,0,,,7,0600
USC00116200,20120106,SNOW,0,,,7,
USC00116200,20120106,SNWD,0,,,7,0600
USC00116200,20120107,TMAX,144,,,7,0600
USC00116200,20120107,TMIN,-11,,,7,0600
USC00116200,20120107,TOBS,-11,,,7,0600
USC00116200,20120107,PRCP,0,,,7,0600
USC00116200,20120107,SNOW,0,,,7,
USC00116200,20120107,SNWD,0,,,7,0600
USC00116200,20120108,TMAX,83,,,7,0600
USC00116200,20120108,TMIN,-50,,,7,0600
USC00116200,20120108,TOBS,-50,,,7,0600
USC00116200,20120108,PRCP,0,,,7,0600
USC00116200,20120108,SNOW,0,,,7,
USC00116200,20120108,SNWD,0,,,7,0600
USC00116200,20120109,TMAX,78,,,7,0600
USC00116200,20120109,TMIN,-67,,,7,0600
USC00116200,20120109,TOBS,-33,,,7,0600
USC00116200,20120109,PRCP,0,,,7,0600
USC00116200,20120109,SNOW,0,,,7,
USC00116200,20120109,SNWD,0,,,7,0600
USC00116200,20120110,TMAX,94,,,7,0600
USC00116200,20120110,TMIN,-33,,,7,0600
USC00116200,20120110,TOBS,-6,,,7,0600
USC00116200,20120110,PRCP,0,,,7,0600
USC00116200,20120110,SNOW,0,,,7,
USC00116200,20120110,SNWD,0,,,7,0600
USC00116200,20120111,TMAX,139,,,7,0600
USC00116200,20120111,TMIN,-28,,,7,0600
USC00116200,20120111,TOBS,11,,,7,0600
USC00116200,20120111,PRCP,0,,,7,0600
USC00116200,20120111,SNOW,0,,,7,
USC00116200,20120111,SNWD,0,,,7,0600
USC00116200,20120112,TMAX,139,,,7,0600
USC00116200,20120112,TMIN,-33,,,7,0600
USC00116200,20120112,TOBS,-33,,,7,0600
USC00116200,20120112,PRCP,0,,,7,0600
USC00116200,20120112,SNOW,0,,,7,
USC00116200,20120112,SNWD,0,,,7,0600
USC00116200,20120113,TMAX,-28,,,7,0600
USC00116200,20120113,TMIN,-117,,,7,0600
USC00116200,20120113,TOBS,-117,,,7,0600
USC00116200,20120113,PRCP,89,,,7,0600
USC00116200,20120113,SNOW,76,,,7,
USC00116200,20120113,SNWD,76,,,7,0600
USC00116200,20120114,TMAX,-61,,,7,0600
USC00116200,20120114,TMIN,-156,,,7,0600
USC00116200,20120114,TOBS,-122,,,7,0600
USC00116200,20120114,PRCP,0,,,7,0600
USC00116200,20120114,SNOW,0,,,7,
USC00116200,20120114,SNWD,76,,,7,0600
USC00116200,20120115,TMAX,-39,,,7,0600
USC00116200,20120115,TMIN,-144,,,7,0600
USC00116200,20120115,TOBS,-83,,,7,0600
USC00116200,20120115,PRCP,0,,,7,0600
USC00116200,20120115,SNOW,0,,,7,
USC00116200,20120115,SNWD,76,,,7,0600
USC00116200,20120116,TMAX,17,,,7,0600
USC00116200,20120116,TOBS,17,,,7,0600
USC00116200,20120116,PRCP,0,,,7,0600
USC00116200,20120116,SNOW,0,,,7,
USC00116200,20120116,SNWD,51,,,7,0600
USC00116200,20120117,TMAX,128,,,7,0600
USC00116200,20120117,TMIN,11,,,7,0600
USC00116200,20120117,TOBS,94,,,7,0600
USC00116200,20120117,PRCP,41,,,7,0600
USC00116200,20120117,SNOW,0,,,7,
USC00116200,20120117,SNWD,0,,,7,0600
USC00116200,20120118,TMAX,94,,,7,0600
USC00116200,20120118,TMIN,-122,,,7,0600
USC00116200,20120118,TOBS,-122,,,7,0600
USC00116200,20120118,PRCP,0,T,,7,0600
USC00116200,20120118,SNOW,0,,,7,
USC00116200,20120118,SNWD,0,,,7,0600
USC00116200,20120118,WT01,1,,,7,
USC00116200,20120119,TMAX,-17,,,7,0600
USC00116200,20120119,TMIN,-144,,,7,0600
USC00116200,20120119,TOBS,-28,,,7,0600
USC00116200,20120119,PRCP,0,,,7,0600
USC00116200,20120119,SNOW,0,,,7,
USC00116200,20120119,SNWD,0,,,7,0600
USC00116200,20120120,TMAX,-17,,,7,0600
USC00116200,20120120,TMIN,-150,,,7,0600
USC00116200,20120120,TOBS,-150,,,7,0600
USC00116200,20120120,PRCP,0,T,,7,0600
USC00116200,20120120,SNOW,0,,,7,
USC00116200,20120120,SNWD,0,,,7,0600
USC00116200,20120121,TMAX,-28,,,7,0600
USC00116200,20120121,TMIN,-150,,,7,0600
USC00116200,20120121,TOBS,-89,,,7,0600
USC00116200,20120121,PRCP,28,,,7,0600
USC00116200,20120121,SNOW,25,,,7,
USC00116200,20120121,SNWD,25,,,7,0600
USC00116200,20120122,TMAX,-28,,,7,0600
USC00116200,20120122,TMIN,-111,,,7,0600
USC00116200,20120122,TOBS,-39,,,7,0600
USC00116200,20120122,PRCP,0,T,,7,0600
USC00116200,20120122,SNOW,0,,,7,
USC00116200,20120122,SNWD,25,,,7,0600
USC00116200,20120122,WT01,1,,,7,
USC00116200,20120123,TMAX,89,,,7,0600
USC00116200,20120123,TMIN,-39,,,7,0600
USC00116200,20120123,TOBS,89,,,7,0600
USC00116200,20120123,PRCP,76,,,7,0600
USC00116200,20120123,SNOW,0,,,7,
USC00116200,20120123,SNWD,0,,,7,0600
USC00116200,20120123,WT01,1,,,7,
USC00116200,20120123,WT03,1,,,7,
USC00116200,20120124,TMAX,89,,,7,0600
USC00116200,20120124,TMIN,-11,,,7,0600
USC00116200,20120124,TOBS,-11,,,7,0600
USC00116200,20120124,PRCP,0,,,7,0600
USC00116200,20120124,SNOW,0,,,7,
USC00116200,20120124,SNWD,0,,,7,0600
USC00116200,20120125,TMAX,33,,,7,0600
USC00116200,20120125,TMIN,-56,,,7,0600
USC00116200,20120125,TOBS,-56,,,7,0600
USC00116200,20120125,PRCP,0,,,7,0600
USC00116200,20120125,SNOW,0,,,7,
USC00116200,20120125,SNWD,0,,,7,0600
USC00116200,20120126,TMAX,61,,,7,0600
USC00116200,20120126,TMIN,-56,,,7,0600
USC00116200,20120126,PRCP,0,T,,7,0600
USC00116200,20120126,SNOW,0,,,7,
USC00116200,20120126,SNWD,0,,,7,0600
USC00116200,20120126,WT01,1,,,7,
USC00116200,20120126,WT06,1,,,7,
USC00116200,20120127,TMAX,17,,,7,0600
USC00116200,20120127,TMIN,0,,,7,0600
USC00116200,20120127,TOBS,0,,,7,0600
USC00116200,20120127,PRCP,51,,,7,0600
USC00116200,20120127,SNOW,0,,,7,
USC00116200,20120127,SNWD,0,,,7,0600
USC00116200,20120127,WT01,1,,,7,
USC00116200,20120127,WT06,1,,,7,
USC00116200,20120128,TMAX,67,,,7,0600
USC00116200,20120128,TMIN,-33,,,7,0600
USC00116200,20120128,TOBS,-33,,,7,0600
USC00116200,20120128,PRCP,28,,,7,0600
USC00116200,20120128,SNOW,38,,,7,
USC00116200,20120128,SNWD,25,,,7,0600
USC00116200,20120129,TMAX,11,,,7,0600
USC00116200,20120129,TMIN,-61,,,7,0600
USC00116200,20120129,TOBS,-33,,,7,0600
USC00116200,20120129,PRCP,0,,,7,0600
USC00116200,20120129,SNOW,0,,,7,
USC00116200,20120129,SNWD,25,,,7,0600
USC00116200,20120130,TMAX,17,,,7,0600
USC00116200,20120130,TMIN,-72,,,7,0600
USC00116200,20120130,TOBS,-33,,,7,0600
USC00116200,20120130,PRCP,0,,,7,0600
USC00116200,20120130,SNOW,0,,,7,
USC00116200,20120130,SNWD,0,,,7,0600
USC00116200,20120131,TMAX,144,,,7,0600
USC00116200,20120131,TMIN,-33,,,7,0600
USC00116200,20120131,TOBS,67,,,7,0600
USC00116200,20120131,PRCP,0,,,7,0600
USC00116200,20120131,SNOW,0,,,7,
USC00116200,20120131,SNWD,0,,,7,0600
USC00116200,20120201,TMAX,167,,,7,0600
USC00116200,20120201,TMIN,17,,,7,0600
USC00116200,20120201,TOBS,17,,,7,0600
USC00116200,20120201,PRCP,0,,,7,0600
USC00116200,20120201,SNOW,0,,,7,
USC00116200,20120201,SNWD,0,,,7,0600
USC00116200,20120202,TMAX,83,,,7,0600
USC00116200,20120202,TMIN,-33,,,7,0600
USC00116200,20120202,TOBS,-33,,,7,0600
USC00116200,20120202,PRCP,0,,,7,0600
USC00116200,20120202,SNOW,0,,,7,
USC00116200,20120202,SNWD,0,,,7,0600
USC00116200,20120202,WT01,1,,,7,
USC00116200,20120203,TMAX,139,,,7,0600
USC00116200,20120203,TMIN,-33,,,7,0600
USC00116200,20120203,TOBS,-22,,,7,0600
USC00116200,20120203,PRCP,0,,,7,0600
USC00116200,20120203,SNOW,0,,,7,
USC00116200,20120203,SNWD,0,,,7,0600
USC00116200,20120203,WT01,1,,,7,
USC00116200,20120204,TMAX,122,,,7,0600
USC00116200,20120204,TMIN,-22,,,7,0600
USC00116200,20120204,TOBS,22,,,7,0600
USC00116200,20120204,PRCP,30,,,7,0600
USC00116200,20120204,SNOW,0,,,7,
USC00116200,20120204,SNWD,0,,,7,0600
USC00116200,20120204,WT01,1,,,7,
USC00116200,20120205,TMAX,56,,,7,0600
USC00116200,20120205,TMIN,-28,,,7,0600
USC00116200,20120205,TOBS,-28,,,7,0600
USC00116200,20120205,PRCP,33,,,7,0600
USC00116200,20120205,SNOW,0,,,7,
USC00116200,20120205,SNWD,0,,,7,0600
USC00116200,20120205,WT01,1,,,7,
USC00116200,20120206,TMAX,83,,,7,0600
USC00116200,20120206,TMIN,-33,,,7,0600
USC00116200,20120206,TOBS,-17,,,7,0600
USC00116200,20120206,PRCP,0,,,7,0600
USC00116200,20120206,SNOW,0,,,7,
USC00116200,20120206,SNWD,0,,,7,0600
USC00116200,20120206,WT01,1,,,7,
USC00116200,20120207,TMAX,0,,,7,0600
USC00116200,20120207,TMIN,-78,,,7,0600
USC00116200,20120207,TOBS,-33,,,7,0600
USC00116200,20120207,PRCP,0,,,7,0600
USC00116200,20120207,SNOW,0,,,7,
USC00116200,20120207,SNWD,0,,,7,0600
USC00116200,20120207,WT01,1,,,7,
USC00116200,20120208,TMAX,17,,,7,0600
USC00116200,20120208,TMIN,-33,,,7,0600
USC00116200,20120208,TOBS,-33,,,7,0600
USC00116200,20120208,PRCP,0,T,,7,0600
USC00116200,20120208,SNOW,0,,,7,
USC00116200,20120208,SNWD,0,,,7,0600
USC00116200,20120208,WT01,1,,,7,
USC00116200,20120209,TMAX,0,,,7,0600
USC00116200,20120209,TMIN,-72,,,7,0600
USC00116200,20120209,TOBS,-72,,,7,0600
USC00116200,20120209,PRCP,0,,,7,0600
USC00116200,20120209,SNOW,0,,,7,
USC00116200,20120209,SNWD,0,,,7,0600
USC00116200,20120210,TMAX,22,,,7,0600
USC00116200,20120210,TMIN,-94,,,7,0600
USC00116200,20120210,TOBS,-6,,,7,0600
USC00116200,20120210,PRCP,0,,,7,0600
USC00116200,20120210,SNOW,0,,,7,
USC00116200,20120210,SNWD,0,,,7,0600
USC00116200,20120211,TMAX,22,,,7,0600
USC00116200,20120211,TMIN,-111,,,7,0600
USC00116200,20120211,TOBS,-111,,,7,0600
USC00116200,20120211,PRCP,0,T,,7,0600
USC00116200,20120211,SNOW,0,T,,7,
USC00116200,20120211,SNWD,0,,,7,0600
USC00116200,20120212,TMAX,-44,,,7,0600
USC00116200,20120212,TMIN,-111,,,7,0600
USC00116200,20120212,TOBS,-111,,,7,0600
USC00116200,20120212,PRCP,0,,,7,0600
USC00116200,20120212,SNOW,0,,,7,
USC00116200,20120212,SNWD,0,,,7,0600
USC00116200,20120213,TMAX,17,,,7,0600
USC00116200,20120213,TMIN,-111,,,7,0600
USC00116200,20120213,TOBS,-44,,,7,0600
USC00116200,20120213,PRCP,0,,,7,0600
USC00116200,20120213,SNOW,0,,,7,
USC00116200,20120213,SNWD,0,,,7,0600
USC00116200,20120214,TMAX,22,,,7,0600
USC00116200,20120214,TMIN,-44,,,7,0600
USC00116200,20120214,TOBS,-11,,,7,0600
USC00116200,20120214,PRCP,13,,,7,0600
USC00116200,20120214,SNOW,5,,,7,
USC00116200,20120214,SNWD,0,,,7,0600
USC00116200,20120215,TMAX,56,,,7,0600
USC00116200,20120215,TMIN,-44,,,7,0600
USC00116200,20120215,TOBS,6,,,7,0600
USC00116200,20120215,PRCP,0,,,7,0600
USC00116200,20120215,SNOW,0,,,7,
USC00116200,20120215,SNWD,0,,,7,0600
USC00116200,20120216,TMAX,67,,,7,0600
USC00116200,20120216,TMIN,-44,,,7,0600
USC00116200,20120216,TOBS,28,,,7,0600
USC00116200,20120216,PRCP,0,,,7,0600
USC00116200,20120216,SNOW,0,,,7,
USC00116200,20120216,SNWD,0,,,7,0600
USC00116200,20120216,WT01,1,,,7,
USC00116200,20120217,TMAX,89,,,7,0600
USC00116200,20120217,TMIN,-44,,,7,0600
USC00116200,20120217,TOBS,-44,,,7,0600
USC00116200,20120217,PRCP,0,,,7,0600
USC00116200,20120217,SNOW,0,,,7,
USC00116200,20120217,SNWD,0,,,7,0600
USC00116200,20120218,TMAX,122,,,7,0600
USC00116200,20120218,TMIN,-44,,,7,0600
USC00116200,20120218,TOBS,-17,,,7,0600
USC00116200,20120218,PRCP,0,,,7,0600
USC00116200,20120218,SNOW,0,,,7,
USC00116200,20120218,SNWD,0,,,7,0600
USC00116200,20120219,TMAX,50,,,7,0600
USC00116200,20120219,TMIN,-72,,,7,0600
USC00116200,20120219,TOBS,-56,,,7,0600
USC00116200,20120219,PRCP,0,,,7,0600
USC00116200,20120219,SNOW,0,,,7,
USC00116200,20120219,SNWD,0,,,7,0600
USC00116200,20120220,TMAX,44,,,7,0600
USC00116200,20120220,TMIN,-89,,,7,0600
USC00116200,20120220,TOBS,-67,,,7,0600
USC00116200,20120220,PRCP,0,,,7,0600
USC00116200,20120220,SNOW,0,,,7,
USC00116200,20120220,SNWD,0,,,7,0600
USC00116200,20120221,TMAX,72,,,7,0600
USC00116200,20120221,TMIN,-72,,,7,0600
USC00116200,20120221,TOBS,17,,,7,0600
USC00116200,20120221,PRCP,51,,,7,0600
USC00116200,20120221,SNOW,0,,,7,
USC00116200,20120221,SNWD,0,,,7,0600
USC00116200,20120222,TMAX,94,,,7,0600
USC00116200,20120222,TMIN,11,,,7,0600
USC00116200,20120222,TOBS,17,,,7,0600
USC00116200,20120222,PRCP,0,,,7,0600
USC00116200,20120222,SNOW,0,,,7,
USC00116200,20120222,SNWD,0,,,7,0600
USC00116200,20120223,TMAX,106,,,7,0600
USC00116200,20120223,TMIN,-28,,,7,0600
USC00116200,20120223,TOBS,0,,,7,0600
USC00116200,20120223,PRCP,0,,,7,0600
USC00116200,20120223,SNOW,0,,,7,
USC00116200,20120223,SNWD,0,,,7,0600
USC00116200,20120224,TMAX,94,,,7,0600
USC00116200,20120224,TMIN,0,,,7,0600
USC00116200,20120224,TOBS,22,,,7,0600
USC00116200,20120224,PRCP,30,,,7,0600
USC00116200,20120224,SNOW,0,,,7,
USC00116200,20120224,SNWD,0,,,7,0600
USC00116200,20120225,TMAX,22,,,7,0600
USC00116200,20120225,TMIN,-50,,,7,0600
USC00116200,20120225,TOBS,-39,,,7,0600
USC00116200,20120225,PRCP,0,T,,7,0600
USC00116200,20120225,SNOW,0,,,7,
USC00116200,20120225,SNWD,0,,,7,0600
USC00116200,20120226,TMAX,0,,,7,0600
USC00116200,20120226,TMIN,-44,,,7,0600
USC00116200,20120226,TOBS,-33,,,7,0600
USC00116200,20120226,PRCP,0,,,7,0600
USC00116200,20120226,SNOW,0,,,7,
USC00116200,20120226,SNWD,0,,,7,0600
USC00116200,20120227,TMAX,139,,,7,0600
USC00116200,20120227,TMIN,-44,,,7,0600
USC00116200,20120227,TOBS,0,,,7,0600
USC00116200,20120227,PRCP,0,,,7,0600
USC00116200,20120227,SNOW,0,,,7,
USC00116200,20120227,SNWD,0,,,7,0600
USC00116200,20120228,TMAX,72,,,7,0600
USC00116200,20120229,TMAX,156,,,7,0600
USC00116200,20120228,TMIN,-50,,,7,0600
USC00116200,20120229,TMIN,-33,,,7,0600
USC00116200,20120228,TOBS,-33,,,7,0600
USC00116200,20120229,TOBS,156,,,7,0600
USC00116200,20120228,PRCP,0,,,7,0600
USC00116200,20120229,PRCP,175,,,7,0600
USC00116200,20120228,SNOW,0,,,7,
USC00116200,20120229,SNOW,0,,,7,
USC00116200,20120228,SNWD,0,,,7,0600
USC00116200,20120229,SNWD,0,,,7,0600
USC00116200,20120229,WT03,1,,,7,
USC00116200,20120301,TMAX,167,,,7,0600
USC00116200,20120301,TMIN,11,,,7,0600
USC00116200,20120301,TOBS,11,,,7,0600
USC00116200,20120301,PRCP,0,,,7,0600
USC00116200,20120301,SNOW,0,,,7,
USC00116200,20120301,SNWD,0,,,7,0600
USC00116200,20120302,TMAX,111,,,7,0600
USC00116200,20120302,TMIN,11,,,7,0600
USC00116200,20120302,TOBS,17,,,7,0600
USC00116200,20120302,PRCP,0,,,7,0600
USC00116200,20120302,SNOW,0,,,7,
USC00116200,20120302,SNWD,0,,,7,0600
USC00116200,20120303,TMAX,94,,,7,0600
USC00116200,20120303,TMIN,-6,,,7,0600
USC00116200,20120303,TOBS,-6,,,7,0600
USC00116200,20120303,PRCP,38,,,7,0600
USC00116200,20120303,SNOW,0,,,7,
USC00116200,20120303,SNWD,0,,,7,0600
USC00116200,20120303,WT03,1,,,7,
USC00116200,20120304,TMAX,22,,,7,0600
USC00116200,20120304,TMIN,-44,,,7,0600
USC00116200,20120304,TOBS,-33,,,7,0600
USC00116200,20120304,PRCP,0,,,7,0600
USC00116200,20120304,SNOW,0,,,7,
USC00116200,20120304,SNWD,0,,,7,0600
USC00116200,20120305,TMAX,44,,,7,0600
USC00116200,20120305,TMIN,-78,,,7,0600
USC00116200,20120305,TOBS,-72,,,7,0600
USC00116200,20120305,PRCP,10,,,7,0600
USC00116200,20120305,SNOW,13,,,7,
USC00116200,20120305,SNWD,0,,,7,0600
USC00116200,20120306,TMAX,39,,,7,0600
USC00116200,20120306,TMIN,-94,,,7,0600
USC00116200,20120306,TOBS,11,,,7,0600
USC00116200,20120306,PRCP,0,,,7,0600
USC00116200,20120306,SNOW,0,,,7,
USC00116200,20120306,SNWD,0,,,7,0600
USC00116200,20120307,TMAX,200,,,7,0600
USC00116200,20120307,TMIN,11,,,7,0600
USC00116200,20120307,TOBS,122,,,7,0600
USC00116200,20120307,PRCP,0,,,7,0600
USC00116200,20120307,SNOW,0,,,7,
USC00116200,20120307,SNWD,0,,,7,0600
USC00116200,20120308,TMAX,200,,,7,0600
USC00116200,20120308,TMIN,78,,,7,0600
USC00116200,20120308,TOBS,78,,,7,0600
USC00116200,20120308,PRCP,69,,,7,0600
USC00116200,20120308,SNOW,0,,,7,
USC00116200,20120308,SNWD,0,,,7,0600
USC00116200,20120309,TMAX,78,,,7,0600
USC00116200,20120309,TMIN,6,,,7,0600
USC00116200,20120309,TOBS,6,,,7,0600
USC00116200,20120309,SNOW,0,,,7,
USC00116200,20120309,SNWD,0,,,7,0600
USC00116200,20120310,TMAX,67,,,7,0600
USC00116200,20120310,TMIN,-33,,,7,0600
USC00116200,20120310,TOBS,-28,,,7,0600
USC00116200,20120310,PRCP,0,,,7,0600
USC00116200,20120310,SNOW,0,,,7,
USC00116200,20120310,SNWD,0,,,7,0600
USC00116200,20120311,TMAX,178,,,7,0600
USC00116200,20120311,TMIN,-33,,,7,0600
USC00116200,20120311,TOBS,39,,,7,0600
USC00116200,20120311,PRCP,0,,,7,0600
USC00116200,20120311,SNOW,0,,,7,
USC00116200,20120311,SNWD,0,,,7,0600
USC00116200,20120312,TMAX,211,,,7,0600
USC00116200,20120312,TMIN,22,,,7,0600
USC00116200,20120312,TOBS,122,,,7,0600
USC00116200,20120312,PRCP,71,,,7,0600
USC00116200,20120312,SNOW,0,,,7,
USC00116200,20120312,SNWD,0,,,7,0600
USC00116200,20120313,TMAX,233,,,7,0600
USC00116200,20120313,TMIN,72,,,7,0600
USC00116200,20120313,TOBS,89,,,7,0600
USC00116200,20120313,PRCP,0,,,7,0600
USC00116200,20120313,SNOW,0,,,7,
USC00116200,20120313,SNWD,0,,,7,0600
USC00116200,20120314,TMAX,256,,,7,0600
USC00116200,20120314,TMIN,78,,,7,0600
USC00116200,20120314,TOBS,167,,,7,0600
USC00116200,20120314,PRCP,0,,,7,0600
USC00116200,20120314,SNOW,0,,,7,
USC00116200,20120314,SNWD,0,,,7,0600
USC00116200,20120315,TMAX,272,,,7,0600
USC00116200,20120315,TMIN,156,,,7,0600
USC00116200,20120315,TOBS,178,,,7,0600
USC00116200,20120315,PRCP,0,,,7,0600
USC00116200,20120315,SNOW,0,,,7,
USC00116200,20120315,SNWD,0,,,7,0600
USC00116200,20120316,TMAX,283,,,7,0600
USC00116200,20120316,TMIN,150,,,7,0600
USC00116200,20120316,TOBS,150,,,7,0600
USC00116200,20120316,PRCP,0,,,7,0600
USC00116200,20120316,SNOW,0,,,7,
USC00116200,20120316,SNWD,0,,,7,0600
USC00116200,20120317,TMAX,272,,,7,0600
USC00116200,20120317,TMIN,139,,,7,0600
USC00116200,20120317,TOBS,139,,,7,0600
USC00116200,20120317,PRCP,0,,,7,0600
USC00116200,20120317,SNOW,0,,,7,
USC00116200,20120317,SNWD,0,,,7,0600
USC00116200,20120318,TMAX,283,,,7,0600
USC00116200,20120318,TMIN,139,,,7,0600
USC00116200,20120318,TOBS,144,,,7,0600
USC00116200,20120318,PRCP,0,,,7,0600
USC00116200,20120318,SNOW,0,,,7,
USC00116200,20120318,SNWD,0,,,7,0600
USC00116200,20120319,TMAX,278,,,7,0600
USC00116200,20120319,TMIN,128,,,7,0600
USC00116200,20120319,TOBS,156,,,7,0600
USC00116200,20120319,PRCP,0,,,7,0600
USC00116200,20120319,SNOW,0,,,7,
USC00116200,20120319,SNWD,0,,,7,0600
USC00116200,20120320,TMAX,283,,,7,0600
USC00116200,20120320,TMIN,156,,,7,0600
USC00116200,20120320,TOBS,183,,,7,0600
USC00116200,20120320,PRCP,0,T,,7,0600
USC00116200,20120320,SNOW,0,,,7,
USC00116200,20120320,SNWD,0,,,7,0600
USC00116200,20120321,TMAX,289,,,7,0600
USC00116200,20120321,TMIN,161,,,7,0600
USC00116200,20120321,TOBS,183,,,7,0600
USC00116200,20120321,PRCP,0,,,7,0600
USC00116200,20120321,SNOW,0,,,7,
USC00116200,20120321,SNWD,0,,,7,0600
USC00116200,20120322,TMAX,294,,,7,0600
USC00116200,20120322,TMIN,161,,,7,0600
USC00116200,20120322,TOBS,167,,,7,0600
USC00116200,20120322,PRCP,0,,,7,0600
USC00116200,20120322,SNOW,0,,,7,
USC00116200,20120322,SNWD,0,,,7,0600
USC00116200,20120323,TMAX,222,,,7,0600
USC00116200,20120323,TMIN,144,,,7,0600
USC00116200,20120323,TOBS,144,,,7,0600
USC00116200,20120323,PRCP,0,T,,7,0600
USC00116200,20120323,SNOW,0,,,7,
USC00116200,20120323,SNWD,0,,,7,0600
USC00116200,20120324,TMAX,222,,,7,0600
USC00116200,20120324,TMIN,83,,,7,0600
USC00116200,20120324,TOBS,94,,,7,0600
USC00116200,20120324,PRCP,10,,,7,0600
USC00116200,20120324,SNOW,0,,,7,
USC00116200,20120324,SNWD,0,,,7,0600
USC00116200,20120324,WT03,1,,,7,
USC00116200,20120325,TMAX,222,,,7,0600
USC00116200,20120325,TMIN,94,,,7,0600
USC00116200,20120325,TOBS,144,,,7,0600
USC00116200,20120325,PRCP,0,,,7,0600
USC00116200,20120325,SNOW,0,,,7,
USC00116200,20120325,SNWD,0,,,7,0600
USC00116200,20120326,TMAX,239,,,7,0500
USC00116200,20120326,TMIN,83,,,7,0500
USC00116200,20120326,TOBS,83,,,7,0500
USC00116200,20120326,PRCP,0,,,7,0500
USC00116200,20120326,SNOW,0,,,7,
USC00116200,20120326,SNWD,0,,,7,0500
USC00116200,20120327,TMAX,128,,,7,0500
USC00116200,20120327,TMIN,56,,,7,0500
USC00116200,20120327,TOBS,56,,,7,0500
USC00116200,20120327,PRCP,0,,,7,0500
USC00116200,20120327,SNOW,0,,,7,
USC00116200,20120327,SNWD,0,,,7,0500
USC00116200,20120328,TMAX,239,,,7,0500
USC00116200,20120328,TMIN,56,,,7,0500
USC00116200,20120328,TOBS,167,,,7,0500
USC00116200,20120328,PRCP,0,T,,7,0500
USC00116200,20120328,SNOW,0,,,7,
USC00116200,20120328,SNWD,0,,,7,0500
USC00116200,20120329,TMAX,239,,,7,0500
USC00116200,20120329,TMIN,28,,,7,0500
USC00116200,20120329,TOBS,28,,,7,0500
USC00116200,20120329,PRCP,0,,,7,0500
USC00116200,20120329,SNOW,0,,,7,
USC00116200,20120329,SNWD,0,,,7,0500
USC00116200,20120330,TMAX,178,,,7,0500
USC00116200,20120330,TMIN,17,,,7,0500
USC00116200,20120330,TOBS,83,,,7,0500
USC00116200,20120330,PRCP,13,,,7,0500
USC00116200,20120330,SNOW,0,,,7,
USC00116200,20120330,SNWD,0,,,7,0500
USC00116200,20120331,TMAX,194,,,7,0500
USC00116200,20120331,TMIN,44,,,7,0500
USC00116200,20120331,TOBS,44,,,7,0500
USC00116200,20120331,PRCP,0,,,7,0500
USC00116200,20120331,SNOW,0,,,7,
USC00116200,20120331,SNWD,0,,,7,0500
USC00116200,20120401,TMAX,194,,,7,0500
USC00116200,20120401,TMIN,44,,,7,0500
USC00116200,20120401,TOBS,128,,,7,0500
USC00116200,20120401,PRCP,132,,,7,0500
USC00116200,20120401,SNOW,0,,,7,
USC00116200,20120401,SNWD,0,,,7,0500
USC00116200,20120401,WT03,1,,,7,
USC00116200,20120402,TMAX,294,,,7,0500
USC00116200,20120402,TMIN,128,,,7,0500
USC00116200,20120402,TOBS,150,,,7,0500
USC00116200,20120402,PRCP,0,,,7,0500
USC00116200,20120402,SNOW,0,,,7,
USC00116200,20120402,SNWD,0,,,7,0500
USC00116200,20120403,TMAX,244,,,7,0500
USC00116200,20120403,TMIN,128,,,7,0500
USC00116200,20120403,TOBS,144,,,7,0500
USC00116200,20120403,PRCP,0,,,7,0500
USC00116200,20120403,SNOW,0,,,7,
USC00116200,20120403,SNWD,0,,,7,0500
USC00116200,20120404,TMAX,311,,,7,0500
USC00116200,20120404,TMIN,83,,,7,0500
USC00116200,20120404,TOBS,83,,,7,0500
USC00116200,20120404,PRCP,63,,,7,0500
USC00116200,20120404,SNOW,0,,,7,
USC00116200,20120404,SNWD,0,,,7,0500
USC00116200,20120404,WT03,1,,,7,
USC00116200,20120405,TMAX,200,,,7,0500
USC00116200,20120405,TMIN,83,,,7,0500
USC00116200,20120405,TOBS,83,,,7,0500
USC00116200,20120405,PRCP,0,,,7,0500
USC00116200,20120405,SNOW,0,,,7,
USC00116200,20120405,SNWD,0,,,7,0500
USC00116200,20120406,TMAX,178,,,7,0500
USC00116200,20120406,TMIN,-22,,,7,0500
USC00116200,20120406,TOBS,-22,,,7,0500
USC00116200,20120406,PRCP,0,,,7,0500
USC00116200,20120406,SNOW,0,,,7,
USC00116200,20120406,SNWD,0,,,7,0500
USC00116200,20120407,TMAX,172,,,7,0500
USC00116200,20120407,TMIN,-22,,,7,0500
USC00116200,20120407,TOBS,11,,,7,0500
USC00116200,20120407,PRCP,0,,,7,0500
USC00116200,20120407,SNOW,0,,,7,
USC00116200,20120407,SNWD,0,,,7,0500
USC00116200,20120408,TMAX,189,,,7,0500
USC00116200,20120408,TMIN,11,,,7,0500
USC00116200,20120408,TOBS,78,,,7,0500
USC00116200,20120408,PRCP,0,T,,7,0500
USC00116200,20120408,SNOW,0,,,7,
USC00116200,20120408,SNWD,0,,,7,0500
USC00116200,20120409,TMAX,200,,,7,0500
USC00116200,20120409,TMIN,67,,,7,0500
USC00116200,20120409,TOBS,106,,,7,0500
USC00116200,20120409,PRCP,0,,,7,0500
USC00116200,20120409,SNOW,0,,,7,
USC00116200,20120409,SNWD,0,,,7,0500
USC00116200,20120410,TMAX,194,,,7,0500
USC00116200,20120410,TMIN,22,,,7,0500
USC00116200,20120410,TOBS,22,,,7,0500
USC00116200,20120410,PRCP,0,,,7,0500
USC00116200,20120410,SNOW,0,,,7,
USC00116200,20120410,SNWD,0,,,7,0500
USC00116200,20120411,TMAX,133,,,7,0500
USC00116200,20120411,TMIN,-39,,,7,0500
USC00116200,20120411,TOBS,-39,,,7,0500
USC00116200,20120411,PRCP,0,,,7,0500
USC00116200,20120411,SNOW,0,,,7,
USC00116200,20120411,SNWD,0,,,7,0500
USC00116200,20120412,TMAX,133,,,7,0500
USC00116200,20120412,TMIN,-39,,,7,0500
USC00116200,20120412,TOBS,-6,,,7,0500
USC00116200,20120412,PRCP,0,,,7,0500
USC00116200,20120412,SNOW,0,,,7,
USC00116200,20120412,SNWD,0,,,7,0500
USC00116200,20120413,TMAX,194,,,7,0500
USC00116200,20120413,TMIN,-11,,,7,0500
USC00116200,20120413,TOBS,72,,,7,0500
USC00116200,20120413,PRCP,0,,,7,0500
USC00116200,20120413,SNOW,0,,,7,
USC00116200,20120413,SNWD,0,,,7,0500
USC00116200,20120414,TMAX,156,,,7,0500
USC00116200,20120414,TMIN,50,,,7,0500
USC00116200,20120414,TOBS,128,,,7,0500
USC00116200,20120414,PRCP,18,,,7,0500
USC00116200,20120414,SNOW,0,,,7,
USC00116200,20120414,SNWD,0,,,7,0500
USC00116200,20120415,TMAX,200,,,7,0500
USC00116200,20120415,TMIN,128,,,7,0500
USC00116200,20120415,TOBS,183,,,7,0500
USC00116200,20120415,PRCP,97,,,7,0500
USC00116200,20120415,SNOW,0,,,7,
USC00116200,20120415,SNWD,0,,,7,0500
USC00116200,20120416,TMAX,250,,,7,0500
USC00116200,20120416,TMIN,128,,,7,0500
USC00116200,20120416,TOBS,128,,,7,0500
USC00116200,20120416,PRCP,221,,,7,0500
USC00116200,20120416,SNOW,0,,,7,
USC00116200,20120416,SNWD,0,,,7,0500
USC00116200,20120416,WT03,1,,,7,
USC00116200,20120417,TMAX,172,,,7,0500
USC00116200,20120417,TMIN,61,,,7,0500
USC00116200,20120417,TOBS,61,,,7,0500
USC00116200,20120417,PRCP,0,,,7,0500
USC00116200,20120417,SNOW,0,,,7,
USC00116200,20120417,SNWD,0,,,7,0500
USC00116200,20120418,TMAX,194,,,7,0500
USC00116200,20120418,TMIN,33,,,7,0500
USC00116200,20120418,TOBS,56,,,7,0500
USC00116200,20120418,PRCP,0,,,7,0500
USC00116200,20120418,SNOW,0,,,7,
USC00116200,20120418,SNWD,0,,,7,0500
USC00116200,20120419,TMAX,233,,,7,0500
USC00116200,20120419,TMIN,56,,,7,0500
USC00116200,20120419,TOBS,117,,,7,0500
USC00116200,20120419,PRCP,0,,,7,0500
USC00116200,20120419,SNOW,0,,,7,
USC00116200,20120419,SNWD,0,,,7,0500
USC00116200,20120420,TMAX,267,,,7,0500
USC00116200,20120420,TMIN,117,,,7,0500
USC00116200,20120420,TOBS,139,,,7,0500
USC00116200,20120420,PRCP,0,T,,7,0500
USC00116200,20120420,SNOW,0,,,7,
USC00116200,20120420,SNWD,0,,,7,0500
USC00116200,20120421,TMAX,156,,,7,0500
USC00116200,20120421,TMIN,6,,,7,0500
USC00116200,20120421,TOBS,6,,,7,0500
USC00116200,20120421,PRCP,20,,,7,0500
USC00116200,20120421,SNOW,0,,,7,
USC00116200,20120421,SNWD,0,,,7,0500
USC00116200,20120422,TMAX,150,,,7,0500
USC00116200,20120422,TMIN,6,,,7,0500
USC00116200,20120422,TOBS,44,,,7,0500
USC00116200,20120422,PRCP,0,,,7,0500
USC00116200,20120422,SNOW,0,,,7,
USC00116200,20120422,SNWD,0,,,7,0500
USC00116200,20120423,TMAX,144,,,7,0500
USC00116200,20120423,TMIN,0,,,7,0500
USC00116200,20120423,TOBS,11,,,7,0500
USC00116200,20120423,PRCP,0,,,7,0500
USC00116200,20120423,SNOW,0,,,7,
USC00116200,20120423,SNWD,0,,,7,0500
USC00116200,20120424,TMAX,172,,,7,0500
USC00116200,20120424,TMIN,11,,,7,0500
USC00116200,20120424,TOBS,72,,,7,0500
USC00116200,20120424,PRCP,0,,,7,0500
USC00116200,20120424,SNOW,0,,,7,
USC00116200,20120424,SNWD,0,,,7,0500
USC00116200,20120425,TMAX,211,,,7,0500
USC00116200,20120425,TMIN,56,,,7,0500
USC00116200,20120425,TOBS,83,,,7,0500
USC00116200,20120425,PRCP,0,,,7,0500
USC00116200,20120425,SNOW,0,,,7,
USC00116200,20120425,SNWD,0,,,7,0500
USC00116200,20120426,TMAX,278,,,7,0500
USC00116200,20120426,TMIN,67,,,7,0500
USC00116200,20120426,TOBS,100,,,7,0500
USC00116200,20120426,PRCP,0,,,7,0500
USC00116200,20120426,SNOW,0,,,7,
USC00116200,20120426,SNWD,0,,,7,0500
USC00116200,20120427,TMAX,200,,,7,0500
USC00116200,20120427,TMIN,0,,,7,0500
USC00116200,20120427,TOBS,0,,,7,0500
USC00116200,20120427,PRCP,0,,,7,0500
USC00116200,20120427,SNOW,0,,,7,
USC00116200,20120427,SNWD,0,,,7,0500
USC00116200,20120428,TMAX,167,,,7,0500
USC00116200,20120428,TMIN,-6,,,7,0500
USC00116200,20120428,TOBS,67,,,7,0500
USC00116200,20120428,PRCP,102,,,7,0500
USC00116200,20120428,SNOW,0,,,7,
USC00116200,20120428,SNWD,0,,,7,0500
USC00116200,20120428,WT03,1,,,7,
USC00116200,20120429,TMAX,122,,,7,0500
USC00116200,20120429,TMIN,67,,,7,0500
USC00116200,20120429,TOBS,67,,,7,0500
USC00116200,20120429,PRCP,0,T,,7,0500
USC00116200,20120429,SNOW,0,,,7,
USC00116200,20120429,SNWD,0,,,7,0500
USC00116200,20120430,TMAX,156,,,7,0500
USC00116200,20120430,TMIN,67,,,7,0500
USC00116200,20120430,TOBS,133,,,7,0500
USC00116200,20120430,PRCP,51,,,7,0500
USC00116200,20120430,SNOW,0,,,7,
USC00116200,20120430,SNWD,0,,,7,0500
USC00116200,20120430,WT01,1,,,7,
USC00116200,20120430,WT03,1,,,7,
USC00116200,20120501,TMAX,189,,,7,0500
USC00116200,20120501,TMIN,111,,,7,0500
USC00116200,20120501,TOBS,111,,,7,0500
USC00116200,20120501,PRCP,33,,,7,0500
USC00116200,20120501,SNOW,0,,,7,
USC00116200,20120501,SNWD,0,,,7,0500
USC00116200,20120502,TMAX,200,,,7,0500
USC00116200,20120502,TMIN,111,,,7,0500
USC00116200,20120502,TOBS,167,,,7,0500
USC00116200,20120502,PRCP,112,,,7,0500
USC00116200,20120502,SNOW,0,,,7,
USC00116200,20120502,SNWD,0,,,7,0500
USC00116200,20120502,WT01,1,,,7,
USC00116200,20120503,TMAX,272,,,7,0500
USC00116200,20120503,TMIN,128,,,7,0500
USC00116200,20120503,TOBS,194,,,7,0500
USC00116200,20120503,PRCP,0,,,7,0500
USC00116200,20120503,SNOW,0,,,7,
USC00116200,20120503,SNWD,0,,,7,0500
USC00116200,20120504,TMAX,294,,,7,0500
USC00116200,20120504,TMIN,172,,,7,0500
USC00116200,20120504,TOBS,178,,,7,0500
USC00116200,20120504,PRCP,25,,,7,0500
USC00116200,20120504,SNOW,0,,,7,
USC00116200,20120504,SNWD,0,,,7,0500
USC00116200,20120504,WT03,1,,,7,
USC00116200,20120505,TMAX,278,,,7,0500
USC00116200,20120505,TMIN,122,,,7,0500
USC00116200,20120505,TOBS,122,,,7,0500
USC00116200,20120505,PRCP,61,,,7,0500
USC00116200,20120505,SNOW,0,,,7,
USC00116200,20120505,SNWD,0,,,7,0500
USC00116200,20120505,WT01,1,,,7,
USC00116200,20120505,WT03,1,,,7,
USC00116200,20120506,TMAX,294,,,7,0500
USC00116200,20120506,TMIN,122,,,7,0500
USC00116200,20120506,TOBS,172,,,7,0500
USC00116200,20120506,PRCP,0,,,7,0500
USC00116200,20120506,SNOW,0,,,7,
USC00116200,20120506,SNWD,0,,,7,0500
USC00116200,20120506,WT01,1,,,7,
USC00116200,20120507,TMAX,333,,,7,0500
USC00116200,20120507,TMIN,172,,,7,0500
USC00116200,20120507,TOBS,183,,,7,0500
USC00116200,20120507,PRCP,18,,,7,0500
USC00116200,20120507,SNOW,0,,,7,
USC00116200,20120507,SNWD,0,,,7,0500
USC00116200,20120507,WT03,1,,,7,
USC00116200,20120508,TMAX,200,,,7,0500
USC00116200,20120508,TMIN,117,,,7,0500
USC00116200,20120508,TOBS,117,,,7,0500
USC00116200,20120508,PRCP,203,,,7,0500
USC00116200,20120508,SNOW,0,,,7,
USC00116200,20120508,SNWD,0,,,7,0500
USC00116200,20120508,WT03,1,,,7,
USC00116200,20120509,TMAX,222,,,7,0500
USC00116200,20120509,TMIN,89,,,7,0500
USC00116200,20120509,TOBS,89,,,7,0500
USC00116200,20120509,PRCP,0,,,7,0500
USC00116200,20120509,SNOW,0,,,7,
USC00116200,20120509,SNWD,0,,,7,0500
USC00116200,20120510,TMAX,200,,,7,0500
USC00116200,20120510,TMIN,72,,,7,0500
USC00116200,20120510,TOBS,83,,,7,0500
USC00116200,20120510,PRCP,0,,,7,0500
USC00116200,20120510,SNOW,0,,,7,
USC00116200,20120510,SNWD,0,,,7,0500
USC00116200,20120511,TMAX,228,,,7,0500
USC00116200,20120511,TMIN,78,,,7,0500
USC00116200,20120511,TOBS,94,,,7,0500
USC00116200,20120511,PRCP,0,,,7,0500
USC00116200,20120511,SNOW,0,,,7,
USC00116200,20120511,SNWD,0,,,7,0500
USC00116200,20120512,TMAX,267,,,7,0500
USC00116200,20120512,TMIN,89,,,7,0500
USC00116200,20120512,TOBS,161,,,7,0500
USC00116200,20120512,PRCP,0,,,7,0500
USC00116200,20120512,SNOW,0,,,7,
USC00116200,20120512,SNWD,0,,,7,0500
USC00116200,20120513,TMAX,244,,,7,0500
USC00116200,20120513,TMIN,72,,,7,0500
USC00116200,20120513,TOBS,72,,,7,0500
USC00116200,20120513,PRCP,0,,,7,0500
USC00116200,20120513,SNOW,0,,,7,
USC00116200,20120513,SNWD,0,,,7,0500
USC00116200,20120514,TMAX,239,,,7,0500
USC00116200,20120514,TMIN,67,,,7,0500
USC00116200,20120514,TOBS,72,,,7,0500
USC00116200,20120514,PRCP,0,,,7,0500
USC00116200,20120514,SNOW,0,,,7,
USC00116200,20120514,SNWD,0,,,7,0500
USC00116200,20120515,TMAX,278,,,7,0500
USC00116200,20120515,TMIN,61,,,7,0500
USC00116200,20120515,TOBS,106,,,7,0500
USC00116200,20120515,PRCP,0,,,7,0500
USC00116200,20120515,SNOW,0,,,7,
USC00116200,20120515,SNWD,0,,,7,0500
USC00116200,20120516,TMAX,294,,,7,0500
USC00116200,20120516,TMIN,106,,,7,0500
USC00116200,20120516,TOBS,128,,,7,0500
USC00116200,20120516,PRCP,0,,,7,0500
USC00116200,20120516,SNOW,0,,,7,
USC00116200,20120516,SNWD,0,,,7,0500
USC00116200,20120517,TMAX,239,,,7,0500
USC00116200,20120517,TMIN,44,,,7,0500
USC00116200,20120517,TOBS,44,,,7,0500
USC00116200,20120517,PRCP,0,,,7,0500
USC00116200,20120517,SNOW,0,,,7,
USC00116200,20120517,SNWD,0,,,7,0500
USC00116200,20120518,TMAX,267,,,7,0500
USC00116200,20120518,TMIN,39,,,7,0500
USC00116200,20120518,TOBS,111,,,7,0500
USC00116200,20120518,PRCP,0,,,7,0500
USC00116200,20120518,SNOW,0,,,7,
USC00116200,20120518,SNWD,0,,,7,0500
USC00116200,20120519,TMAX,311,,,7,0500
USC00116200,20120519,TMIN,111,,,7,0500
USC00116200,20120519,TOBS,183,,,7,0500
USC00116200,20120519,PRCP,0,,,7,0500
USC00116200,20120519,SNOW,0,,,7,
USC00116200,20120519,SNWD,0,,,7,0500
USC00116200,20120520,TMAX,350,,,7,0500
USC00116200,20120520,TMIN,172,,,7,0500
USC00116200,20120520,TOBS,200,,,7,0500
USC00116200,20120520,PRCP,0,,,7,0500
USC00116200,20120520,SNOW,0,,,7,
USC00116200,20120520,SNWD,0,,,7,0500
USC00116200,20120521,TMAX,344,,,7,0500
USC00116200,20120521,TMIN,128,,,7,0500
USC00116200,20120521,TOBS,128,,,7,0500
USC00116200,20120521,PRCP,89,,,7,0500
USC00116200,20120521,SNOW,0,,,7,
USC00116200,20120521,SNWD,0,,,7,0500
USC00116200,20120521,WT03,1,,,7,
USC00116200,20120522,TMAX,200,,,7,0500
USC00116200,20120522,TMIN,78,,,7,0500
USC00116200,20120522,TOBS,78,,,7,0500
USC00116200,20120522,PRCP,0,,,7,0500
USC00116200,20120522,SNOW,0,,,7,
USC00116200,20120522,SNWD,0,,,7,0500
USC00116200,20120523,TMAX,256,,,7,0500
USC00116200,20120523,TMIN,67,,,7,0500
USC00116200,20120523,TOBS,106,,,7,0500
USC00116200,20120523,PRCP,0,,,7,0500
USC00116200,20120523,SNOW,0,,,7,
USC00116200,20120523,SNWD,0,,,7,0500
USC00116200,20120524,TMAX,294,,,7,0500
USC00116200,20120524,TMIN,94,,,7,0500
USC00116200,20120524,TOBS,178,,,7,0500
USC00116200,20120524,PRCP,0,,,7,0500
USC00116200,20120524,SNOW,0,,,7,
USC00116200,20120524,SNWD,0,,,7,0500
USC00116200,20120525,TMAX,322,,,7,0500
USC00116200,20120525,TMIN,161,,,7,0500
USC00116200,20120525,TOBS,200,,,7,0500
USC00116200,20120525,PRCP,0,,,7,0500
USC00116200,20120525,SNOW,0,,,7,
USC00116200,20120525,SNWD,0,,,7,0500
USC00116200,20120526,TMAX,322,,,7,0500
USC00116200,20120526,TMIN,183,,,7,0500
USC00116200,20120526,TOBS,183,,,7,0500
USC00116200,20120526,PRCP,0,,,7,0500
USC00116200,20120526,SNOW,0,,,7,
USC00116200,20120526,SNWD,0,,,7,0500
USC00116200,20120527,TMAX,344,,,7,0500
USC00116200,20120527,TMIN,183,,,7,0500
USC00116200,20120527,TOBS,228,,,7,0500
USC00116200,20120527,PRCP,0,,,7,0500
USC00116200,20120527,SNOW,0,,,7,
USC00116200,20120527,SNWD,0,,,7,0500
USC00116200,20120528,TMAX,361,,,7,0500
USC00116200,20120528,TMIN,228,,,7,0500
USC00116200,20120528,TOBS,244,,,7,0500
USC00116200,20120528,PRCP,0,,,7,0500
USC00116200,20120528,SNOW,0,,,7,
USC00116200,20120528,SNWD,0,,,7,0500
USC00116200,20120529,TMAX,350,,,7,0500
USC00116200,20120529,TMIN,222,,,7,0500
USC00116200,20120529,TOBS,222,,,7,0500
USC00116200,20120529,PRCP,0,T,,7,0500
USC00116200,20120529,SNOW,0,,,7,
USC00116200,20120529,SNWD,0,,,7,0500
USC00116200,20120529,WT03,1,,,7,
USC00116200,20120530,TMAX,306,,,7,0500
USC00116200,20120530,TMIN,111,,,7,0500
USC00116200,20120530,TOBS,111,,,7,0500
USC00116200,20120530,PRCP,0,,,7,0500
USC00116200,20120530,SNOW,0,,,7,
USC00116200,20120530,SNWD,0,,,7,0500
USC00116200,20120531,TMAX,239,,,7,0500
USC00116200,20120531,TMIN,111,,,7,0500
USC00116200,20120531,TOBS,111,,,7,0500
USC00116200,20120531,PRCP,0,,,7,0500
USC00116200,20120531,SNOW,0,,,7,
USC00116200,20120531,SNWD,0,,,7,0500
USC00116200,20120601,TMAX,144,,,7,0500
USC00116200,20120601,TMIN,83,,,7,0500
USC00116200,20120601,TOBS,83,,,7,0500
USC00116200,20120601,PRCP,183,,,7,0500
USC00116200,20120601,SNOW,0,,,7,
USC00116200,20120601,SNWD,0,,,7,0500
USC00116200,20120602,TMAX,200,,,7,0500
USC00116200,20120602,TMIN,83,,,7,0500
USC00116200,20120602,TOBS,111,,,7,0500
USC00116200,20120602,PRCP,0,,,7,0500
USC00116200,20120602,SNOW,0,,,7,
USC00116200,20120602,SNWD,0,,,7,0500
USC00116200,20120603,TMAX,222,,,7,0500
USC00116200,20120603,TMIN,111,,,7,0500
USC00116200,20120603,TOBS,122,,,7,0500
USC00116200,20120603,PRCP,0,T,,7,0500
USC00116200,20120603,SNOW,0,,,7,
USC00116200,20120603,SNWD,0,,,7,0500
USC00116200,20120604,TMAX,278,,,7,0500
USC00116200,20120604,TMIN,122,,,7,0500
USC00116200,20120604,TOBS,139,,,7,0500
USC00116200,20120604,PRCP,18,,,7,0500
USC00116200,20120604,SNOW,0,,,7,
USC00116200,20120604,SNWD,0,,,7,0500
USC00116200,20120605,TMAX,256,,,7,0500
USC00116200,20120605,TMIN,94,,,7,0500
USC00116200,20120605,TOBS,94,,,7,0500
USC00116200,20120605,PRCP,20,,,7,0500
USC00116200,20120605,SNOW,0,,,7,
USC00116200,20120605,SNWD,0,,,7,0500
USC00116200,20120606,TMAX,256,,,7,0500
USC00116200,20120606,TMIN,83,,,7,0500
USC00116200,20120606,TOBS,83,,,7,0500
USC00116200,20120606,PRCP,0,,,7,0500
USC00116200,20120606,SNOW,0,,,7,
USC00116200,20120606,SNWD,0,,,7,0500
USC00116200,20120607,TMAX,261,,,7,0500
USC00116200,20120607,TMIN,83,,,7,0500
USC00116200,20120607,TOBS,83,,,7,0500
USC00116200,20120607,PRCP,0,,,7,0500
USC00116200,20120607,SNOW,0,,,7,
USC00116200,20120607,SNWD,0,,,7,0500
USC00116200,20120608,TMAX,294,,,7,0500
USC00116200,20120608,TMIN,83,,,7,0500
USC00116200,20120608,TOBS,111,,,7,0500
USC00116200,20120608,PRCP,0,,,7,0500
USC00116200,20120608,SNOW,0,,,7,
USC00116200,20120608,SNWD,0,,,7,0500
USC00116200,20120609,TMAX,306,,,7,0500
USC00116200,20120609,TMIN,111,,,7,0500
USC00116200,20120609,TOBS,200,,,7,0500
USC00116200,20120609,PRCP,0,,,7,0500
USC00116200,20120609,SNOW,0,,,7,
USC00116200,20120609,SNWD,0,,,7,0500
USC00116200,20120610,TMAX,328,,,7,0500
USC00116200,20120610,TMIN,83,,,7,0500
USC00116200,20120610,TOBS,128,,,7,0500
USC00116200,20120610,PRCP,0,,,7,0500
USC00116200,20120610,SNOW,0,,,7,
USC00116200,20120610,SNWD,0,,,7,0500
USC00116200,20120611,TMAX,333,,,7,0500
USC00116200,20120611,TMIN,128,,,7,0500
USC00116200,20120611,TOBS,200,,,7,0500
USC00116200,20120611,PRCP,0,,,7,0500
USC00116200,20120611,SNOW,0,,,7,
USC00116200,20120611,SNWD,0,,,7,0500
USC00116200,20120612,TMAX,294,,,7,0500
USC00116200,20120612,TMIN,156,,,7,0500
USC00116200,20120612,TOBS,156,,,7,0500
USC00116200,20120612,PRCP,0,,,7,0500
USC00116200,20120612,SNOW,0,,,7,
USC00116200,20120612,SNWD,0,,,7,0500
USC00116200,20120613,TMAX,267,,,7,0500
USC00116200,20120613,TMIN,78,,,7,0500
USC00116200,20120613,TOBS,78,,,7,0500
USC00116200,20120613,PRCP,0,,,7,0500
USC00116200,20120613,SNOW,0,,,7,
USC00116200,20120613,SNWD,0,,,7,0500
USC00116200,20120614,TMAX,278,,,7,0500
USC00116200,20120614,TMIN,72,,,7,0500
USC00116200,20120614,TOBS,111,,,7,0500
USC00116200,20120614,PRCP,0,,,7,0500
USC00116200,20120614,SNOW,0,,,7,
USC00116200,20120614,SNWD,0,,,7,0500
USC00116200,20120615,TMAX,317,,,7,0500
USC00116200,20120615,TMIN,111,,,7,0500
USC00116200,20120615,TOBS,183,,,7,0500
USC00116200,20120615,PRCP,0,,,7,0500
USC00116200,20120615,SNOW,0,,,7,
USC00116200,20120615,SNWD,0,,,7,0500
USC00116200,20120616,TMAX,344,,,7,0500
USC00116200,20120616,TMIN,167,,,7,0500
USC00116200,20120616,TOBS,239,,,7,0500
USC00116200,20120616,PRCP,0,,,7,0500
USC00116200,20120616,SNOW,0,,,7,
USC00116200,20120616,SNWD,0,,,7,0500
USC00116200,20120617,TMAX,344,,,7,0500
USC00116200,20120617,TMIN,200,,,7,0500
USC00116200,20120617,TOBS,200,,,7,0500
USC00116200,20120617,PRCP,196,,,7,0500
USC00116200,20120617,SNOW,0,,,7,
USC00116200,20120617,SNWD,0,,,7,0500
USC00116200,20120617,WT03,1,,,7,
USC00116200,20120618,TMAX,311,,,7,0500
USC00116200,20120618,TMIN,194,,,7,0500
USC00116200,20120618,TOBS,233,,,7,0500
USC00116200,20120618,PRCP,0,,,7,0500
USC00116200,20120618,SNOW,0,,,7,
USC00116200,20120618,SNWD,0,,,7,0500
USC00116200,20120619,TMAX,333,,,7,0500
USC00116200,20120619,TMIN,217,,,7,0500
USC00116200,20120619,TOBS,228,,,7,0500
USC00116200,20120619,PRCP,0,,,7,0500
USC00116200,20120619,SNOW,0,,,7,
USC00116200,20120619,SNWD,0,,,7,0500
USC00116200,20120620,TMAX,339,,,7,0500
USC00116200,20120620,TMIN,222,,,7,0500
USC00116200,20120620,TOBS,233,,,7,0500
USC00116200,20120620,PRCP,0,,,7,0500
USC00116200,20120620,SNOW,0,,,7,
USC00116200,20120620,SNWD,0,,,7,0500
USC00116200,20120621,TMAX,339,,,7,0500
USC00116200,20120621,TMIN,228,,,7,0500
USC00116200,20120621,TOBS,233,,,7,0500
USC00116200,20120621,PRCP,0,,,7,0500
USC00116200,20120621,SNOW,0,,,7,
USC00116200,20120621,SNWD,0,,,7,0500
USC00116200,20120622,TMAX,283,,,7,0500
USC00116200,20120622,TMIN,144,,,7,0500
USC00116200,20120622,TOBS,144,,,7,0500
USC00116200,20120622,PRCP,13,,,7,0500
USC00116200,20120622,SNOW,0,,,7,
USC00116200,20120622,SNWD,0,,,7,0500
USC00116200,20120623,TMAX,283,,,7,0500
USC00116200,20120623,TMIN,144,,,7,0500
USC00116200,20120623,TOBS,167,,,7,0500
USC00116200,20120623,PRCP,0,,,7,0500
USC00116200,20120623,SNOW,0,,,7,
USC00116200,20120623,SNWD,0,,,7,0500
USC00116200,20120624,TMAX,322,,,7,0500
USC00116200,20120624,TMIN,144,,,7,0500
USC00116200,20120624,TOBS,206,,,7,0500
USC00116200,20120624,PRCP,0,,,7,0500
USC00116200,20120624,SNOW,0,,,7,
USC00116200,20120624,SNWD,0,,,7,0500
USC00116200,20120625,TMAX,333,,,7,0500
USC00116200,20120625,TMIN,200,,,7,0500
USC00116200,20120625,TOBS,206,,,7,0500
USC00116200,20120625,PRCP,0,T,,7,0500
USC00116200,20120625,SNOW,0,,,7,
USC00116200,20120625,SNWD,0,,,7,0500
USC00116200,20120626,TMAX,283,,,7,0500
USC00116200,20120626,TMIN,94,,,7,0500
USC00116200,20120626,TOBS,94,,,7,0500
USC00116200,20120626,PRCP,0,,,7,0500
USC00116200,20120626,SNOW,0,,,7,
USC00116200,20120626,SNWD,0,,,7,0500
USC00116200,20120627,TMAX,300,,,7,0500
USC00116200,20120627,TMIN,89,,,7,0500
USC00116200,20120627,TOBS,178,,,7,0500
USC00116200,20120627,PRCP,0,,,7,0500
USC00116200,20120627,SNOW,0,,,7,
USC00116200,20120627,SNWD,0,,,7,0500
USC00116200,20120628,TMAX,339,,,7,0500
USC00116200,20120628,TMIN,178,,,7,0500
USC00116200,20120628,TOBS,222,,,7,0500
USC00116200,20120628,PRCP,0,,,7,0500
USC00116200,20120628,SNOW,0,,,7,
USC00116200,20120628,SNWD,0,,,7,0500
USC00116200,20120629,TMAX,389,,,7,0500
USC00116200,20120629,TMIN,211,,,7,0500
USC00116200,20120629,TOBS,267,,,7,0500
USC00116200,20120629,PRCP,0,,,7,0500
USC00116200,20120629,SNOW,0,,,7,
USC00116200,20120629,SNWD,0,,,7,0500
USC00116200,20120630,TMAX,378,,,7,0500
USC00116200,20120630,TMIN,211,,,7,0500
USC00116200,20120630,TOBS,211,,,7,0500
USC00116200,20120630,PRCP,0,,,7,0500
USC00116200,20120630,SNOW,0,,,7,
USC00116200,20120630,SNWD,0,,,7,0500
USC00116200,20120701,TMAX,306,,,7,0500
USC00116200,20120701,TMIN,211,,,7,0500
USC00116200,20120701,TOBS,217,,,7,0500
USC00116200,20120701,PRCP,48,,,7,0500
USC00116200,20120701,SNOW,0,,,7,
USC00116200,20120701,SNWD,0,,,7,0500
USC00116200,20120701,WT03,1,,,7,
USC00116200,20120702,TMAX,361,,,7,0500
USC00116200,20120702,TMIN,206,,,7,0500
USC00116200,20120702,TOBS,211,,,7,0500
USC00116200,20120702,PRCP,0,,,7,0500
USC00116200,20120702,SNOW,0,,,7,
USC00116200,20120702,SNWD,0,,,7,0500
USC00116200,20120703,TMAX,389,,,7,0500
USC00116200,20120703,TMIN,200,,,7,0500
USC00116200,20120703,TOBS,217,,,7,0500
USC00116200,20120703,PRCP,0,,,7,0500
USC00116200,20120703,SNOW,0,,,7,
USC00116200,20120703,SNWD,0,,,7,0500
USC00116200,20120704,TMAX,378,,,7,0500
USC00116200,20120704,TMIN,211,,,7,0500
USC00116200,20120704,TOBS,256,,,7,0500
USC00116200,20120704,PRCP,0,,,7,0500
USC00116200,20120704,SNOW,0,,,7,
USC00116200,20120704,SNWD,0,,,7,0500
USC00116200,20120705,TMAX,389,,,7,0500
USC00116200,20120705,TMIN,256,,,7,0500
USC00116200,20120705,TOBS,272,,,7,0500
USC00116200,20120705,PRCP,0,,,7,0500
USC00116200,20120705,SNOW,0,,,7,
USC00116200,20120705,SNWD,0,,,7,0500
USC00116200,20120706,TMAX,400,,,7,0500
USC00116200,20120706,TMIN,228,,,7,0500
USC00116200,20120706,TOBS,228,,,7,0500
USC00116200,20120706,PRCP,0,,,7,0500
USC00116200,20120706,SNOW,0,,,7,
USC00116200,20120706,SNWD,0,,,7,0500
USC00116200,20120707,TMAX,406,,,7,0500
USC00116200,20120707,TMIN,228,,,7,0500
USC00116200,20120707,TOBS,239,,,7,0500
USC00116200,20120707,PRCP,0,,,7,0500
USC00116200,20120707,SNOW,0,,,7,
USC00116200,20120707,SNWD,0,,,7,0500
USC00116200,20120708,TMAX,417,,,7,0500
USC00116200,20120708,TMIN,211,,,7,0500
USC00116200,20120708,TOBS,211,,,7,0500
USC00116200,20120708,PRCP,0,,,7,0500
USC00116200,20120708,SNOW,0,,,7,
USC00116200,20120708,SNWD,0,,,7,0500
USC00116200,20120709,TMAX,306,,,7,0500
USC00116200,20120709,TMIN,150,,,7,0500
USC00116200,20120709,TOBS,150,,,7,0500
USC00116200,20120709,PRCP,0,,,7,0500
USC00116200,20120709,SNOW,0,,,7,
USC00116200,20120709,SNWD,0,,,7,0500
USC00116200,20120710,TMAX,339,,,7,0500
USC00116200,20120710,TMIN,150,,,7,0500
USC00116200,20120710,TOBS,178,,,7,0500
USC00116200,20120710,PRCP,0,,,7,0500
USC00116200,20120710,SNOW,0,,,7,
USC00116200,20120710,SNWD,0,,,7,0500
USC00116200,20120711,TMAX,339,,,7,0500
USC00116200,20120711,TMIN,167,,,7,0500
USC00116200,20120711,TOBS,167,,,7,0500
USC00116200,20120711,PRCP,0,,,7,0500
USC00116200,20120711,SNOW,0,,,7,
USC00116200,20120711,SNWD,0,,,7,0500
USC00116200,20120712,TMAX,333,,,7,0500
USC00116200,20120712,TMIN,161,,,7,0500
USC00116200,20120712,TOBS,161,,,7,0500
USC00116200,20120712,PRCP,0,,,7,0500
USC00116200,20120712,SNOW,0,,,7,
USC00116200,20120712,SNWD,0,,,7,0500
USC00116200,20120713,TMAX,350,,,7,0500
USC00116200,20120713,TMIN,161,,,7,0500
USC00116200,20120713,TOBS,217,,,7,0500
USC00116200,20120713,PRCP,15,,,7,0500
USC00116200,20120713,SNOW,0,,,7,
USC00116200,20120713,SNWD,0,,,7,0500
USC00116200,20120714,TMIN,172,,,7,0500
USC00116200,20120714,TOBS,172,,,7,0500
USC00116200,20120714,PRCP,0,,,7,0500
USC00116200,20120714,SNOW,0,,,7,
USC00116200,20120714,SNWD,0,,,7,0500
USC00116200,20120715,TMAX,339,,,7,0500
USC00116200,20120715,TMIN,167,,,7,0500
USC00116200,20120715,TOBS,228,,,7,0500
USC00116200,20120715,PRCP,259,,,7,0500
USC00116200,20120715,SNOW,0,,,7,
USC00116200,20120715,SNWD,0,,,7,0500
USC00116200,20120715,WT03,1,,,7,
USC00116200,20120716,TMIN,222,,,7,0500
USC00116200,20120716,TOBS,239,,,7,0500
USC00116200,20120716,PRCP,0,,,7,0500
USC00116200,20120716,SNOW,0,,,7,
USC00116200,20120716,SNWD,0,,,7,0500
USC00116200,20120717,TMAX,367,,,7,0500
USC00116200,20120717,TMIN,228,,,7,0500
USC00116200,20120717,TOBS,261,,,7,0500
USC00116200,20120717,PRCP,0,,,7,0500
USC00116200,20120717,SNOW,0,,,7,
USC00116200,20120717,SNWD,0,,,7,0500
USC00116200,20120718,TMAX,389,,,7,0500
USC00116200,20120718,TMIN,250,,,7,0500
USC00116200,20120718,TOBS,256,,,7,0500
USC00116200,20120718,PRCP,0,,,7,0500
USC00116200,20120718,SNOW,0,,,7,
USC00116200,20120718,SNWD,0,,,7,0500
USC00116200,20120719,TMAX,389,,,7,0500
USC00116200,20120719,TMIN,233,,,7,0500
USC00116200,20120719,TOBS,233,,,7,0500
USC00116200,20120719,PRCP,13,,,7,0500
USC00116200,20120719,SNOW,0,,,7,
USC00116200,20120719,SNWD,0,,,7,0500
USC00116200,20120719,WT03,1,,,7,
USC00116200,20120720,TMAX,361,,,7,0500
USC00116200,20120720,TMIN,206,,,7,0500
USC00116200,20120720,TOBS,206,,,7,0500
USC00116200,20120720,PRCP,0,,,7,0500
USC00116200,20120720,SNOW,0,,,7,
USC00116200,20120720,SNWD,0,,,7,0500
USC00116200,20120721,TMAX,306,,,7,0500
USC00116200,20120721,TMIN,144,,,7,0500
USC00116200,20120721,TOBS,144,,,7,0500
USC00116200,20120721,PRCP,0,,,7,0500
USC00116200,20120721,SNOW,0,,,7,
USC00116200,20120721,SNWD,0,,,7,0500
USC00116200,20120722,TMAX,339,,,7,0500
USC00116200,20120722,TMIN,144,,,7,0500
USC00116200,20120722,TOBS,222,,,7,0500
USC00116200,20120722,PRCP,0,,,7,0500
USC00116200,20120722,SNOW,0,,,7,
USC00116200,20120722,SNWD,0,,,7,0500
USC00116200,20120723,TMAX,350,,,7,0500
USC00116200,20120723,TMIN,211,,,7,0500
USC00116200,20120723,TOBS,256,,,7,0500
USC00116200,20120723,PRCP,0,,,7,0500
USC00116200,20120723,SNOW,0,,,7,
USC00116200,20120723,SNWD,0,,,7,0500
USC00116200,20120724,TMAX,400,,,7,0500
USC00116200,20120724,TMIN,256,,,7,0500
USC00116200,20120724,TOBS,278,,,7,0500
USC00116200,20120724,PRCP,0,,,7,0500
USC00116200,20120724,SNOW,0,,,7,
USC00116200,20120724,SNWD,0,,,7,0500
USC00116200,20120725,TMAX,350,,,7,0500
USC00116200,20120725,TMIN,222,,,7,0500
USC00116200,20120725,TOBS,228,,,7,0500
USC00116200,20120725,PRCP,0,,,7,0500
USC00116200,20120725,SNOW,0,,,7,
USC00116200,20120725,SNWD,0,,,7,0500
USC00116200,20120726,TMAX,394,,,7,0500
USC00116200,20120726,TMIN,222,,,7,0500
USC00116200,20120726,TOBS,256,,,7,0500
USC00116200,20120726,PRCP,0,,,7,0500
USC00116200,20120726,SNOW,0,,,7,
USC00116200,20120726,SNWD,0,,,7,0500
USC00116200,20120727,TMAX,322,,,7,0500
USC00116200,20120727,TMIN,200,,,7,0500
USC00116200,20120727,TOBS,211,,,7,0500
USC00116200,20120727,PRCP,36,,,7,0500
USC00116200,20120727,SNOW,0,,,7,
USC00116200,20120727,SNWD,0,,,7,0500
USC00116200,20120727,WT03,1,,,7,
USC00116200,20120728,TMAX,317,,,7,0500
USC00116200,20120728,TMIN,156,,,7,0500
USC00116200,20120728,TOBS,156,,,7,0500
USC00116200,20120728,PRCP,0,,,7,0500
USC00116200,20120728,SNOW,0,,,7,
USC00116200,20120728,SNWD,0,,,7,0500
USC00116200,20120729,TMAX,306,,,7,0500
USC00116200,20120729,TMIN,156,,,7,0500
USC00116200,20120729,TOBS,167,,,7,0500
USC00116200,20120729,PRCP,0,,,7,0500
USC00116200,20120729,SNOW,0,,,7,
USC00116200,20120729,SNWD,0,,,7,0500
USC00116200,20120730,TMAX,317,,,7,0500
USC00116200,20120730,TMIN,167,,,7,0500
USC00116200,20120730,TOBS,200,,,7,0500
USC00116200,20120730,PRCP,0,,,7,0500
USC00116200,20120730,SNOW,0,,,7,
USC00116200,20120730,SNWD,0,,,7,0500
USC00116200,20120731,TMAX,339,,,7,0500
USC00116200,20120731,TMIN,183,,,7,0500
USC00116200,20120731,TOBS,222,,,7,0500
USC00116200,20120731,PRCP,0,,,7,0500
USC00116200,20120731,SNOW,0,,,7,
USC00116200,20120731,SNWD,0,,,7,0500
USC00116200,20120801,TMAX,361,,,7,0500
USC00116200,20120801,TMIN,150,,,7,0500
USC00116200,20120801,TOBS,150,,,7,0500
USC00116200,20120801,PRCP,0,,,7,0500
USC00116200,20120801,SNOW,0,,,7,
USC00116200,20120801,SNWD,0,,,7,0500
USC00116200,20120802,TMAX,350,,,7,0500
USC00116200,20120802,TMIN,150,,,7,0500
USC00116200,20120802,TOBS,200,,,7,0500
USC00116200,20120802,PRCP,0,,,7,0500
USC00116200,20120802,SNOW,0,,,7,
USC00116200,20120802,SNWD,0,,,7,0500
USC00116200,20120803,TMAX,367,,,7,0500
USC00116200,20120803,TMIN,183,,,7,0500
USC00116200,20120803,TOBS,200,,,7,0500
USC00116200,20120803,PRCP,0,,,7,0500
USC00116200,20120803,SNOW,0,,,7,
USC00116200,20120803,SNWD,0,,,7,0500
USC00116200,20120804,TMAX,356,,,7,0500
USC00116200,20120804,TMIN,194,,,7,0500
USC00116200,20120804,TOBS,206,,,7,0500
USC00116200,20120804,PRCP,0,,,7,0500
USC00116200,20120804,SNOW,0,,,7,
USC00116200,20120804,SNWD,0,,,7,0500
USC00116200,20120805,TMAX,367,,,7,0500
USC00116200,20120805,TMIN,200,,,7,0500
USC00116200,20120805,TOBS,200,,,7,0500
USC00116200,20120805,PRCP,272,,,7,0500
USC00116200,20120805,SNOW,0,,,7,
USC00116200,20120805,SNWD,0,,,7,0500
USC00116200,20120805,WT03,1,,,7,
USC00116200,20120806,TMAX,306,,,7,0500
USC00116200,20120806,TMIN,133,,,7,0500
USC00116200,20120806,TOBS,133,,,7,0500
USC00116200,20120806,PRCP,0,,,7,0500
USC00116200,20120806,SNOW,0,,,7,
USC00116200,20120806,SNWD,0,,,7,0500
USC00116200,20120807,TMAX,317,,,7,0500
USC00116200,20120807,TMIN,133,,,7,0500
USC00116200,20120807,TOBS,139,,,7,0500
USC00116200,20120807,PRCP,0,,,7,0500
USC00116200,20120807,SNOW,0,,,7,
USC00116200,20120807,SNWD,0,,,7,0500
USC00116200,20120808,TMAX,367,,,7,0500
USC00116200,20120808,TMIN,128,,,7,0500
USC00116200,20120808,TOBS,228,,,7,0500
USC00116200,20120808,PRCP,0,,,7,0500
USC00116200,20120808,SNOW,0,,,7,
USC00116200,20120808,SNWD,0,,,7,0500
USC00116200,20120809,TMAX,311,,,7,0500
USC00116200,20120809,TMIN,183,,,7,0500
USC00116200,20120809,TOBS,183,,,7,0500
USC00116200,20120809,PRCP,30,,,7,0500
USC00116200,20120809,SNOW,0,,,7,
USC00116200,20120809,SNWD,0,,,7,0500
USC00116200,20120810,TMAX,311,,,7,0500
USC00116200,20120810,TMIN,161,,,7,0500
USC00116200,20120810,TOBS,161,,,7,0500
USC00116200,20120810,PRCP,56,,,7,0500
USC00116200,20120810,SNOW,0,,,7,
USC00116200,20120810,SNWD,0,,,7,0500
USC00116200,20120810,WT03,1,,,7,
USC00116200,20120811,TMAX,256,,,7,0500
USC00116200,20120811,TMIN,111,,,7,0500
USC00116200,20120811,TOBS,111,,,7,0500
USC00116200,20120811,PRCP,0,,,7,0500
USC00116200,20120811,SNOW,0,,,7,
USC00116200,20120811,SNWD,0,,,7,0500
USC00116200,20120812,TMAX,272,,,7,0500
USC00116200,20120812,TMIN,111,,,7,0500
USC00116200,20120812,TOBS,150,,,7,0500
USC00116200,20120812,PRCP,0,,,7,0500
USC00116200,20120812,SNOW,0,,,7,
USC00116200,20120812,SNWD,0,,,7,0500
USC00116200,20120813,TMAX,278,,,7,0500
USC00116200,20120813,TMIN,150,,,7,0500
USC00116200,20120813,TOBS,172,,,7,0500
USC00116200,20120813,PRCP,64,,,7,0500
USC00116200,20120813,SNOW,0,,,7,
USC00116200,20120813,SNWD,0,,,7,0500
USC00116200,20120814,TMAX,267,,,7,0500
USC00116200,20120814,TMIN,161,,,7,0500
USC00116200,20120814,TOBS,161,,,7,0500
USC00116200,20120814,PRCP,13,,,7,0500
USC00116200,20120814,SNOW,0,,,7,
USC00116200,20120814,SNWD,0,,,7,0500
USC00116200,20120814,WT01,1,,,7,
USC00116200,20120815,TMAX,289,,,7,0500
USC00116200,20120815,TMIN,139,,,7,0500
USC00116200,20120815,TOBS,172,,,7,0500
USC00116200,20120815,PRCP,0,,,7,0500
USC00116200,20120815,SNOW,0,,,7,
USC00116200,20120815,SNWD,0,,,7,0500
USC00116200,20120815,WT01,1,,,7,
USC00116200,20120816,TMAX,311,,,7,0500
USC00116200,20120816,TMIN,167,,,7,0500
USC00116200,20120816,TOBS,222,,,7,0500
USC00116200,20120816,PRCP,0,,,7,0500
USC00116200,20120816,SNOW,0,,,7,
USC00116200,20120816,SNWD,0,,,7,0500
USC00116200,20120817,TMAX,233,,,7,0500
USC00116200,20120817,TMIN,117,,,7,0500
USC00116200,20120817,TOBS,117,,,7,0500
USC00116200,20120817,PRCP,452,,,7,0500
USC00116200,20120817,SNOW,0,,,7,
USC00116200,20120817,SNWD,0,,,7,0500
USC00116200,20120817,WT01,1,,,7,
USC00116200,20120817,WT03,1,,,7,
USC00116200,20120817,WT05,1,,,7,
USC00116200,20120818,TMAX,233,,,7,0500
USC00116200,20120818,TMIN,94,,,7,0500
USC00116200,20120818,TOBS,94,,,7,0500
USC00116200,20120818,PRCP,0,,,7,0500
USC00116200,20120818,SNOW,0,,,7,
USC00116200,20120818,SNWD,0,,,7,0500
USC00116200,20120819,TMAX,267,,,7,0500
USC00116200,20120819,TMIN,89,,,7,0500
USC00116200,20120819,TOBS,133,,,7,0500
USC00116200,20120819,PRCP,0,,,7,0500
USC00116200,20120819,SNOW,0,,,7,
USC00116200,20120819,SNWD,0,,,7,0500
USC00116200,20120820,TMAX,267,,,7,0500
USC00116200,20120820,TMIN,117,,,7,0500
USC00116200,20120820,TOBS,117,,,7,0500
USC00116200,20120820,PRCP,0,T,,7,0500
USC00116200,20120820,SNOW,0,,,7,
USC00116200,20120820,SNWD,0,,,7,0500
USC00116200,20120821,TMAX,283,,,7,0500
USC00116200,20120821,TMIN,111,,,7,0500
USC00116200,20120821,TOBS,117,,,7,0500
USC00116200,20120821,PRCP,0,,,7,0500
USC00116200,20120821,SNOW,0,,,7,
USC00116200,20120821,SNWD,0,,,7,0500
USC00116200,20120822,TMAX,278,,,7,0500
USC00116200,20120822,TMIN,94,,,7,0500
USC00116200,20120822,TOBS,94,,,7,0500
USC00116200,20120822,PRCP,0,,,7,0500
USC00116200,20120822,SNOW,0,,,7,
USC00116200,20120822,SNWD,0,,,7,0500
USC00116200,20120823,TMAX,311,,,7,0500
USC00116200,20120823,TMIN,94,,,7,0500
USC00116200,20120823,TOBS,194,,,7,0500
USC00116200,20120823,PRCP,0,,,7,0500
USC00116200,20120823,SNOW,0,,,7,
USC00116200,20120823,SNWD,0,,,7,0500
USC00116200,20120824,TMAX,344,,,7,0500
USC00116200,20120824,TMIN,178,,,7,0500
USC00116200,20120824,TOBS,211,,,7,0500
USC00116200,20120824,PRCP,0,,,7,0500
USC00116200,20120824,SNOW,0,,,7,
USC00116200,20120824,SNWD,0,,,7,0500
USC00116200,20120825,TMAX,350,,,7,0500
USC00116200,20120825,TMIN,172,,,7,0500
USC00116200,20120825,TOBS,183,,,7,0500
USC00116200,20120825,PRCP,0,,,7,0500
USC00116200,20120825,SNOW,0,,,7,
USC00116200,20120825,SNWD,0,,,7,0500
USC00116200,20120826,TMAX,339,,,7,0500
USC00116200,20120826,TMIN,183,,,7,0500
USC00116200,20120826,TOBS,211,,,7,0500
USC00116200,20120826,PRCP,0,,,7,0500
USC00116200,20120826,SNOW,0,,,7,
USC00116200,20120826,SNWD,0,,,7,0500
USC00116200,20120827,TMAX,283,,,7,0500
USC00116200,20120827,TMIN,194,,,7,0500
USC00116200,20120827,TOBS,194,,,7,0500
USC00116200,20120827,PRCP,262,,,7,0500
USC00116200,20120827,SNOW,0,,,7,
USC00116200,20120827,SNWD,0,,,7,0500
USC00116200,20120827,WT03,1,,,7,
USC00116200,20120828,TMAX,300,,,7,0500
USC00116200,20120828,TMIN,150,,,7,0500
USC00116200,20120828,TOBS,150,,,7,0500
USC00116200,20120828,PRCP,0,,,7,0500
USC00116200,20120828,SNOW,0,,,7,
USC00116200,20120828,SNWD,0,,,7,0500
USC00116200,20120829,TMAX,317,,,7,0500
USC00116200,20120829,TMIN,144,,,7,0500
USC00116200,20120829,TOBS,156,,,7,0500
USC00116200,20120829,PRCP,0,,,7,0500
USC00116200,20120829,SNOW,0,,,7,
USC00116200,20120829,SNWD,0,,,7,0500
USC00116200,20120830,TMAX,311,,,7,0500
USC00116200,20120830,TMIN,139,,,7,0500
USC00116200,20120830,TOBS,200,,,7,0500
USC00116200,20120830,PRCP,0,,,7,0500
USC00116200,20120830,SNOW,0,,,7,
USC00116200,20120830,SNWD,0,,,7,0500
USC00116200,20120831,TMAX,344,,,7,0500
USC00116200,20120831,TMIN,194,,,7,0500
USC00116200,20120831,TOBS,233,,,7,0500
USC00116200,20120831,PRCP,0,,,7,0500
USC00116200,20120831,SNOW,0,,,7,
USC00116200,20120831,SNWD,0,,,7,0500
USC00116200,20120901,TMAX,283,,,7,0500
USC00116200,20120901,TMIN,211,,,7,0500
USC00116200,20120901,TOBS,222,,,7,0500
USC00116200,20120901,PRCP,94,,,7,0500
USC00116200,20120901,SNOW,0,,,7,
USC00116200,20120901,SNWD,0,,,7,0500
USC00116200,20120902,TMAX,294,,,7,0500
USC00116200,20120902,TMIN,222,,,7,0500
USC00116200,20120902,TOBS,222,,,7,0500
USC00116200,20120902,PRCP,986,,,7,0500
USC00116200,20120902,SNOW,0,,,7,
USC00116200,20120902,SNWD,0,,,7,0500
USC00116200,20120902,WT03,1,,,7,
USC00116200,20120903,TMAX,267,,,7,0500
USC00116200,20120903,TMIN,206,,,7,0500
USC00116200,20120903,TOBS,211,,,7,0500
USC00116200,20120903,PRCP,51,,,7,0500
USC00116200,20120903,SNOW,0,,,7,
USC00116200,20120903,SNWD,0,,,7,0500
USC00116200,20120904,TMAX,333,,,7,0500
USC00116200,20120904,TMIN,206,,,7,0500
USC00116200,20120904,TOBS,228,,,7,0500
USC00116200,20120904,PRCP,0,,,7,0500
USC00116200,20120904,SNOW,0,,,7,
USC00116200,20120904,SNWD,0,,,7,0500
USC00116200,20120905,TMAX,339,,,7,0500
USC00116200,20120905,TMIN,178,,,7,0500
USC00116200,20120905,TOBS,183,,,7,0500
USC00116200,20120905,PRCP,0,,,7,0500
USC00116200,20120905,SNOW,0,,,7,
USC00116200,20120905,SNWD,0,,,7,0500
USC00116200,20120906,TMAX,294,,,7,0500
USC00116200,20120906,TMIN,183,,,7,0500
USC00116200,20120906,TOBS,222,,,7,0500
USC00116200,20120906,PRCP,5,,,7,0500
USC00116200,20120906,SNOW,0,,,7,
USC00116200,20120906,SNWD,0,,,7,0500
USC00116200,20120906,WT03,1,,,7,
USC00116200,20120907,TMAX,306,,,7,0500
USC00116200,20120907,TMIN,150,,,7,0500
USC00116200,20120907,TOBS,156,,,7,0500
USC00116200,20120907,PRCP,0,,,7,0500
USC00116200,20120907,SNOW,0,,,7,
USC00116200,20120907,SNWD,0,,,7,0500
USC00116200,20120907,WT01,1,,,7,
USC00116200,20120908,TMAX,256,,,7,0500
USC00116200,20120908,TMIN,117,,,7,0500
USC00116200,20120908,TOBS,117,,,7,0500
USC00116200,20120908,PRCP,163,,,7,0500
USC00116200,20120908,SNOW,0,,,7,
USC00116200,20120908,SNWD,0,,,7,0500
USC00116200,20120908,WT03,1,,,7,
USC00116200,20120908,WT05,1,,,7,
USC00116200,20120909,TMAX,233,,,7,0500
USC00116200,20120909,TMIN,111,,,7,0500
USC00116200,20120909,TOBS,122,,,7,0500
USC00116200,20120909,PRCP,0,,,7,0500
USC00116200,20120909,SNOW,0,,,7,
USC00116200,20120909,SNWD,0,,,7,0500
USC00116200,20120910,TMAX,228,,,7,0500
USC00116200,20120910,TMIN,78,,,7,0500
USC00116200,20120910,TOBS,78,,,7,0500
USC00116200,20120910,PRCP,0,,,7,0500
USC00116200,20120910,SNOW,0,,,7,
USC00116200,20120910,SNWD,0,,,7,0500
USC00116200,20120911,TMAX,256,,,7,0500
USC00116200,20120911,TMIN,72,,,7,0500
USC00116200,20120911,TOBS,111,,,7,0500
USC00116200,20120911,PRCP,0,,,7,0500
USC00116200,20120911,SNOW,0,,,7,
USC00116200,20120911,SNWD,0,,,7,0500
USC00116200,20120912,TMAX,289,,,7,0500
USC00116200,20120912,TMIN,111,,,7,0500
USC00116200,20120912,TOBS,172,,,7,0500
USC00116200,20120912,PRCP,0,,,7,0500
USC00116200,20120912,SNOW,0,,,7,
USC00116200,20120912,SNWD,0,,,7,0500
USC00116200,20120913,TMAX,306,,,7,0500
USC00116200,20120913,TMIN,150,,,7,0500
USC00116200,20120913,TOBS,178,,,7,0500
USC00116200,20120913,PRCP,0,,,7,0500
USC00116200,20120913,SNOW,0,,,7,
USC00116200,20120913,SNWD,0,,,7,0500
USC00116200,20120914,TMAX,289,,,7,0500
USC00116200,20120914,TMIN,111,,,7,0500
USC00116200,20120914,TOBS,111,,,7,0500
USC00116200,20120914,PRCP,48,,,7,0500
USC00116200,20120914,SNOW,0,,,7,
USC00116200,20120914,SNWD,0,,,7,0500
USC00116200,20120915,TMAX,228,,,7,0500
USC00116200,20120915,TMIN,83,,,7,0500
USC00116200,20120915,TOBS,83,,,7,0500
USC00116200,20120915,PRCP,0,,,7,0500
USC00116200,20120915,SNOW,0,,,7,
USC00116200,20120915,SNWD,0,,,7,0500
USC00116200,20120916,TMAX,256,,,7,0500
USC00116200,20120916,TMIN,72,,,7,0500
USC00116200,20120916,TOBS,78,,,7,0500
USC00116200,20120916,PRCP,0,,,7,0500
USC00116200,20120916,SNOW,0,,,7,
USC00116200,20120916,SNWD,0,,,7,0500
USC00116200,20120917,TMAX,267,,,7,0500
USC00116200,20120917,TMIN,78,,,7,0500
USC00116200,20120917,TOBS,139,,,7,0500
USC00116200,20120917,PRCP,0,,,7,0500
USC00116200,20120917,SNOW,0,,,7,
USC00116200,20120917,SNWD,0,,,7,0500
USC00116200,20120918,TMAX,261,,,7,0500
USC00116200,20120918,TMIN,83,,,7,0500
USC00116200,20120918,TOBS,83,,,7,0500
USC00116200,20120918,PRCP,76,,,7,0500
USC00116200,20120918,SNOW,0,,,7,
USC00116200,20120918,SNWD,0,,,7,0500
USC00116200,20120918,WT01,1,,,7,
USC00116200,20120919,TMAX,178,,,7,0500
USC00116200,20120919,TMIN,78,,,7,0500
USC00116200,20120919,TOBS,78,,,7,0500
USC00116200,20120919,PRCP,0,,,7,0500
USC00116200,20120919,SNOW,0,,,7,
USC00116200,20120919,SNWD,0,,,7,0500
USC00116200,20120920,TMAX,233,,,7,0500
USC00116200,20120920,TMIN,56,,,7,0500
USC00116200,20120920,TOBS,139,,,7,0500
USC00116200,20120920,PRCP,0,,,7,0500
USC00116200,20120920,SNOW,0,,,7,
USC00116200,20120920,SNWD,0,,,7,0500
USC00116200,20120921,TMAX,228,,,7,0500
USC00116200,20120921,TMIN,78,,,7,0500
USC00116200,20120921,TOBS,111,,,7,0500
USC00116200,20120921,PRCP,0,,,7,0500
USC00116200,20120921,SNOW,0,,,7,
USC00116200,20120921,SNWD,0,,,7,0500
USC00116200,20120922,TMAX,228,,,7,0500
USC00116200,20120922,TMIN,78,,,7,0500
USC00116200,20120922,TOBS,78,,,7,0500
USC00116200,20120922,PRCP,51,,,7,0500
USC00116200,20120922,SNOW,0,,,7,
USC00116200,20120922,SNWD,0,,,7,0500
USC00116200,20120922,WT03,1,,,7,
USC00116200,20120922,WT05,1,,,7,
USC00116200,20120923,TMAX,172,,,7,0500
USC00116200,20120923,TMIN,28,,,7,0500
USC00116200,20120923,TOBS,28,,,7,0500
USC00116200,20120923,PRCP,0,,,7,0500
USC00116200,20120923,SNOW,0,,,7,
USC00116200,20120923,SNWD,0,,,7,0500
USC00116200,20120924,TMAX,156,,,7,0500
USC00116200,20120924,TMIN,11,,,7,0500
USC00116200,20120924,TOBS,44,,,7,0500
USC00116200,20120924,PRCP,0,,,7,0500
USC00116200,20120924,SNOW,0,,,7,
USC00116200,20120924,SNWD,0,,,7,0500
USC00116200,20120925,TMAX,233,,,7,0500
USC00116200,20120925,TMIN,44,,,7,0500
USC00116200,20120925,TOBS,128,,,7,0500
USC00116200,20120925,PRCP,0,,,7,0500
USC00116200,20120925,SNOW,0,,,7,
USC00116200,20120925,SNWD,0,,,7,0500
USC00116200,20120926,TMAX,228,,,7,0500
USC00116200,20120926,TMIN,128,,,7,0500
USC00116200,20120926,TOBS,178,,,7,0500
USC00116200,20120926,PRCP,8,,,7,0500
USC00116200,20120926,SNOW,0,,,7,
USC00116200,20120926,SNWD,0,,,7,0500
USC00116200,20120927,TMAX,256,,,7,0500
USC00116200,20120927,TMIN,128,,,7,0500
USC00116200,20120927,TOBS,128,,,7,0500
USC00116200,20120927,PRCP,0,,,7,0500
USC00116200,20120927,SNOW,0,,,7,
USC00116200,20120927,SNWD,0,,,7,0500
USC00116200,20120928,TMAX,228,,,7,0500
USC00116200,20120928,TMIN,72,,,7,0500
USC00116200,20120928,TOBS,72,,,7,0500
USC00116200,20120928,PRCP,0,,,7,0500
USC00116200,20120928,SNOW,0,,,7,
USC00116200,20120928,SNWD,0,,,7,0500
USC00116200,20120929,TMAX,222,,,7,0500
USC00116200,20120929,TMIN,56,,,7,0500
USC00116200,20120929,TOBS,56,,,7,0500
USC00116200,20120929,PRCP,0,,,7,0500
USC00116200,20120929,SNOW,0,,,7,
USC00116200,20120929,SNWD,0,,,7,0500
USC00116200,20120930,TMAX,256,,,7,0500
USC00116200,20120930,TMIN,56,,,7,0500
USC00116200,20120930,TOBS,67,,,7,0500
USC00116200,20120930,PRCP,0,,,7,0500
USC00116200,20120930,SNOW,0,,,7,
USC00116200,20120930,SNWD,0,,,7,0500
USC00116200,20121001,TMAX,228,,,7,0500
USC00116200,20121001,TMIN,56,,,7,0500
USC00116200,20121001,TOBS,67,,,7,0500
USC00116200,20121001,PRCP,0,,,7,0500
USC00116200,20121001,SNOW,0,,,7,
USC00116200,20121001,SNWD,0,,,7,0500
USC00116200,20121002,TMAX,200,,,7,0500
USC00116200,20121002,TMIN,67,,,7,0500
USC00116200,20121002,TOBS,89,,,7,0500
USC00116200,20121002,PRCP,0,,,7,0500
USC00116200,20121002,SNOW,0,,,7,
USC00116200,20121002,SNWD,0,,,7,0500
USC00116200,20121003,TMAX,228,,,7,0500
USC00116200,20121003,TMIN,89,,,7,0500
USC00116200,20121003,TOBS,139,,,7,0500
USC00116200,20121003,PRCP,0,T,,7,0500
USC00116200,20121003,SNOW,0,,,7,
USC00116200,20121003,SNWD,0,,,7,0500
USC00116200,20121004,TMAX,228,,,7,0500
USC00116200,20121004,TMIN,128,,,7,0500
USC00116200,20121004,TOBS,144,,,7,0500
USC00116200,20121004,PRCP,25,,,7,0500
USC00116200,20121004,SNOW,0,,,7,
USC00116200,20121004,SNWD,0,,,7,0500
USC00116200,20121004,WT01,1,,,7,
USC00116200,20121005,TMAX,267,,,7,0500
USC00116200,20121005,TMIN,67,,,7,0500
USC00116200,20121005,TOBS,67,,,7,0500
USC00116200,20121005,PRCP,292,,,7,0500
USC00116200,20121005,SNOW,0,,,7,
USC00116200,20121005,SNWD,0,,,7,0500
USC00116200,20121005,WT03,1,,,7,
USC00116200,20121006,TMAX,78,,,7,0500
USC00116200,20121006,TMIN,0,,,7,0500
USC00116200,20121006,TOBS,0,,,7,0500
USC00116200,20121006,PRCP,38,,,7,0500
USC00116200,20121006,SNOW,0,,,7,
USC00116200,20121006,SNWD,0,,,7,0500
USC00116200,20121007,TMAX,94,,,7,0500
USC00116200,20121007,TMIN,0,,,7,0500
USC00116200,20121007,TOBS,39,,,7,0500
USC00116200,20121007,PRCP,0,,,7,0500
USC00116200,20121007,SNOW,0,,,7,
USC00116200,20121007,SNWD,0,,,7,0500
USC00116200,20121008,TMAX,111,,,7,0500
USC00116200,20121008,TMIN,0,,,7,0500
USC00116200,20121008,TOBS,11,,,7,0500
USC00116200,20121008,PRCP,0,,,7,0500
USC00116200,20121008,SNOW,0,,,7,
USC00116200,20121008,SNWD,0,,,7,0500
USC00116200,20121009,TMAX,150,,,7,0500
USC00116200,20121009,TMIN,11,,,7,0500
USC00116200,20121009,TOBS,67,,,7,0500
USC00116200,20121009,PRCP,0,,,7,0500
USC00116200,20121009,SNOW,0,,,7,
USC00116200,20121009,SNWD,0,,,7,0500
USC00116200,20121010,TMAX,172,,,7,0500
USC00116200,20121010,TMIN,28,,,7,0500
USC00116200,20121010,TOBS,28,,,7,0500
USC00116200,20121010,PRCP,30,,,7,0500
USC00116200,20121010,SNOW,0,,,7,
USC00116200,20121010,SNWD,0,,,7,0500
USC00116200,20121011,TMAX,122,,,7,0500
USC00116200,20121011,TMIN,28,,,7,0500
USC00116200,20121011,TOBS,61,,,7,0500
USC00116200,20121011,PRCP,0,,,7,0500
USC00116200,20121011,SNOW,0,,,7,
USC00116200,20121011,SNWD,0,,,7,0500
USC00116200,20121012,TMAX,167,,,7,0500
USC00116200,20121012,TMIN,56,,,7,0500
USC00116200,20121012,TOBS,56,,,7,0500
USC00116200,20121012,PRCP,0,,,7,0500
USC00116200,20121012,SNOW,0,,,7,
USC00116200,20121012,SNWD,0,,,7,0500
USC00116200,20121013,TMAX,167,,,7,0500
USC00116200,20121013,TMIN,56,,,7,0500
USC00116200,20121013,TOBS,100,,,7,0500
USC00116200,20121013,PRCP,0,,,7,0500
USC00116200,20121013,SNOW,0,,,7,
USC00116200,20121013,SNWD,0,,,7,0500
USC00116200,20121014,TMAX,194,,,7,0500
USC00116200,20121014,TMIN,67,,,7,0500
USC00116200,20121014,TOBS,178,,,7,0500
USC00116200,20121014,PRCP,330,,,7,0500
USC00116200,20121014,SNOW,0,,,7,
USC00116200,20121014,SNWD,0,,,7,0500
USC00116200,20121014,WT03,1,,,7,
USC00116200,20121015,TMAX,222,,,7,0500
USC00116200,20121015,TMIN,61,,,7,0500
USC00116200,20121015,TOBS,61,,,7,0500
USC00116200,20121015,PRCP,36,,,7,0500
USC00116200,20121015,SNOW,0,,,7,
USC00116200,20121015,SNWD,0,,,7,0500
USC00116200,20121015,WT03,1,,,7,
USC00116200,20121016,TMAX,167,,,7,0500
USC00116200,20121016,TMIN,61,,,7,0500
USC00116200,20121016,TOBS,67,,,7,0500
USC00116200,20121016,PRCP,0,,,7,0500
USC00116200,20121016,SNOW,0,,,7,
USC00116200,20121016,SNWD,0,,,7,0500
USC00116200,20121017,TMAX,233,,,7,0500
USC00116200,20121017,TMIN,67,,,7,0500
USC00116200,20121017,TOBS,139,,,7,0500
USC00116200,20121017,PRCP,0,,,7,0500
USC00116200,20121017,SNOW,0,,,7,
USC00116200,20121017,SNWD,0,,,7,0500
USC00116200,20121018,TMAX,172,,,7,0500
USC00116200,20121018,TMIN,67,,,7,0500
USC00116200,20121018,TOBS,67,,,7,0500
USC00116200,20121018,PRCP,140,,,7,0500
USC00116200,20121018,SNOW,0,,,7,
USC00116200,20121018,SNWD,0,,,7,0500
USC00116200,20121018,WT01,1,,,7,
USC00116200,20121018,WT03,1,,,7,
USC00116200,20121019,TMAX,139,,,7,0500
USC00116200,20121019,TMIN,67,,,7,0500
USC00116200,20121019,TOBS,72,,,7,0500
USC00116200,20121019,PRCP,36,,,7,0500
USC00116200,20121019,SNOW,0,,,7,
USC00116200,20121019,SNWD,0,,,7,0500
USC00116200,20121020,TMAX,117,,,7,0500
USC00116200,20121020,TMIN,56,,,7,0500
USC00116200,20121020,TOBS,56,,,7,0500
USC00116200,20121020,PRCP,97,,,7,0500
USC00116200,20121020,SNOW,0,,,7,
USC00116200,20121020,SNWD,0,,,7,0500
USC00116200,20121020,WT01,1,,,7,
USC00116200,20121020,WT03,1,,,7,
USC00116200,20121021,TMAX,150,,,7,0500
USC00116200,20121021,TMIN,56,,,7,0500
USC00116200,20121021,TOBS,72,,,7,0500
USC00116200,20121021,PRCP,0,,,7,0500
USC00116200,20121021,SNOW,0,,,7,
USC00116200,20121021,SNWD,0,,,7,0500
USC00116200,20121021,WT01,1,,,7,
USC00116200,20121022,TMAX,233,,,7,0500
USC00116200,20121022,TMIN,67,,,7,0500
USC00116200,20121022,TOBS,167,,,7,0500
USC00116200,20121022,PRCP,0,,,7,0500
USC00116200,20121022,SNOW,0,,,7,
USC00116200,20121022,SNWD,0,,,7,0500
USC00116200,20121023,TMAX,194,,,7,0500
USC00116200,20121023,TMIN,67,,,7,0500
USC00116200,20121023,TOBS,144,,,7,0500
USC00116200,20121023,PRCP,119,,,7,0500
USC00116200,20121023,SNOW,0,,,7,
USC00116200,20121023,SNWD,0,,,7,0500
USC00116200,20121023,WT03,1,,,7,
USC00116200,20121024,TMAX,233,,,7,0500
USC00116200,20121024,TMIN,144,,,7,0500
USC00116200,20121024,TOBS,178,,,7,0500
USC00116200,20121024,PRCP,0,T,,7,0500
USC00116200,20121024,SNOW,0,,,7,
USC00116200,20121024,SNWD,0,,,7,0500
USC00116200,20121025,TMAX,267,,,7,0500
USC00116200,20121025,TMIN,167,,,7,0500
USC00116200,20121025,TOBS,178,,,7,0500
USC00116200,20121025,PRCP,0,,,7,0500
USC00116200,20121025,SNOW,0,,,7,
USC00116200,20121025,SNWD,0,,,7,0500
USC00116200,20121026,TMAX,233,,,7,0500
USC00116200,20121026,TMIN,39,,,7,0500
USC00116200,20121026,TOBS,39,,,7,0500
USC00116200,20121026,PRCP,117,,,7,0500
USC00116200,20121026,SNOW,0,,,7,
USC00116200,20121026,SNWD,0,,,7,0500
USC00116200,20121026,WT03,1,,,7,
USC00116200,20121027,TMAX,89,,,7,0500
USC00116200,20121027,TMIN,-6,,,7,0500
USC00116200,20121027,TOBS,-6,,,7,0500
USC00116200,20121027,PRCP,0,,,7,0500
USC00116200,20121027,SNOW,0,,,7,
USC00116200,20121027,SNWD,0,,,7,0500
USC00116200,20121028,TMAX,83,,,7,0500
USC00116200,20121028,TMIN,-17,,,7,0500
USC00116200,20121028,TOBS,11,,,7,0500
USC00116200,20121028,PRCP,0,,,7,0500
USC00116200,20121028,SNOW,0,,,7,
USC00116200,20121028,SNWD,0,,,7,0500
USC00116200,20121029,TMAX,122,,,7,0500
USC00116200,20121029,TMIN,0,,,7,0500
USC00116200,20121029,TOBS,0,,,7,0500
USC00116200,20121029,PRCP,0,,,7,0500
USC00116200,20121029,SNOW,0,,,7,
USC00116200,20121029,SNWD,0,,,7,0500
USC00116200,20121030,TMAX,122,,,7,0500
USC00116200,20121030,TMIN,0,,,7,0500
USC00116200,20121030,TOBS,17,,,7,0500
USC00116200,20121030,PRCP,0,,,7,0500
USC00116200,20121030,SNOW,0,,,7,
USC00116200,20121030,SNWD,0,,,7,0500
USC00116200,20121031,TMAX,94,,,7,0500
USC00116200,20121031,TMIN,-17,,,7,0500
USC00116200,20121031,TOBS,-17,,,7,0500
USC00116200,20121031,PRCP,0,,,7,0500
USC00116200,20121031,SNOW,0,,,7,
USC00116200,20121031,SNWD,0,,,7,0500
USC00116200,20121101,TMAX,94,,,7,0500
USC00116200,20121101,TMIN,-17,,,7,0500
USC00116200,20121101,TOBS,0,,,7,0500
USC00116200,20121101,PRCP,0,,,7,0500
USC00116200,20121101,SNOW,0,,,7,
USC00116200,20121101,SNWD,0,,,7,0500
USC00116200,20121102,TMAX,94,,,7,0500
USC00116200,20121102,TMIN,-22,,,7,0500
USC00116200,20121102,TOBS,-22,,,7,0500
USC00116200,20121102,PRCP,0,,,7,0500
USC00116200,20121102,SNOW,0,,,7,
USC00116200,20121102,SNWD,0,,,7,0500
USC00116200,20121103,TMAX,100,,,7,0500
USC00116200,20121103,TMIN,-28,,,7,0500
USC00116200,20121103,TOBS,22,,,7,0500
USC00116200,20121103,PRCP,20,,,7,0500
USC00116200,20121103,SNOW,0,,,7,
USC00116200,20121103,SNWD,0,,,7,0500
USC00116200,20121103,WT03,1,,,7,
USC00116200,20121104,TMAX,67,,,7,0500
USC00116200,20121104,TMIN,-28,,,7,0500
USC00116200,20121104,TOBS,-28,,,7,0500
USC00116200,20121104,PRCP,25,,,7,0500
USC00116200,20121104,SNOW,0,,,7,
USC00116200,20121104,SNWD,0,,,7,0500
USC00116200,20121104,WT04,1,,,7,
USC00116200,20121105,TMAX,83,,,7,0500
USC00116200,20121105,TMIN,-33,,,7,0500
USC00116200,20121105,TOBS,-17,,,7,0500
USC00116200,20121105,PRCP,0,,,7,0500
USC00116200,20121105,SNOW,0,,,7,
USC00116200,20121105,SNWD,0,,,7,0500
USC00116200,20121106,TMAX,78,,,7,0500
USC00116200,20121106,TMIN,-33,,,7,0500
USC00116200,20121106,TOBS,0,,,7,0500
USC00116200,20121106,PRCP,0,,,7,0500
USC00116200,20121106,SNOW,0,,,7,
USC00116200,20121106,SNWD,0,,,7,0500
USC00116200,20121107,TMAX,61,,,7,0500
USC00116200,20121107,TMIN,0,,,7,0500
USC00116200,20121107,TOBS,39,,,7,0500
USC00116200,20121107,PRCP,76,,,7,0500
USC00116200,20121107,SNOW,0,,,7,
USC00116200,20121107,SNWD,0,,,7,0500
USC00116200,20121107,WT01,1,,,7,
USC00116200,20121108,TMAX,67,,,7,0500
USC00116200,20121108,TMIN,39,,,7,0500
USC00116200,20121108,TOBS,44,,,7,0500
USC00116200,20121108,PRCP,0,,,7,0500
USC00116200,20121108,SNOW,0,,,7,
USC00116200,20121108,SNWD,0,,,7,0500
USC00116200,20121108,WT01,1,,,7,
USC00116200,20121109,TMAX,100,,,7,0500
USC00116200,20121109,TMIN,44,,,7,0500
USC00116200,20121109,TOBS,44,,,7,0500
USC00116200,20121109,PRCP,0,,,7,0500
USC00116200,20121109,SNOW,0,,,7,
USC00116200,20121109,SNWD,0,,,7,0500
USC00116200,20121109,WT01,1,,,7,
USC00116200,20121110,TMAX,167,,,7,0500
USC00116200,20121110,TMIN,33,,,7,0500
USC00116200,20121110,TOBS,139,,,7,0500
USC00116200,20121110,PRCP,0,,,7,0500
USC00116200,20121110,SNOW,0,,,7,
USC00116200,20121110,SNWD,0,,,7,0500
USC00116200,20121111,TMAX,217,,,7,0500
USC00116200,20121111,TMIN,39,,,7,0500
USC00116200,20121111,TOBS,122,,,7,0500
USC00116200,20121111,PRCP,0,,,7,0500
USC00116200,20121111,SNOW,0,,,7,
USC00116200,20121111,SNWD,0,,,7,0500
USC00116200,20121112,TMAX,200,,,7,0500
USC00116200,20121112,TMIN,-11,,,7,0500
USC00116200,20121112,TOBS,-11,,,7,0500
USC00116200,20121112,PRCP,127,,,7,0500
USC00116200,20121112,SNOW,0,,,7,
USC00116200,20121112,SNWD,0,,,7,0500
USC00116200,20121113,TMAX,39,,,7,0500
USC00116200,20121113,TMIN,-39,,,7,0500
USC00116200,20121113,TOBS,-39,,,7,0500
USC00116200,20121113,PRCP,0,,,7,0500
USC00116200,20121113,SNOW,0,,,7,
USC00116200,20121113,SNWD,0,,,7,0500
USC00116200,20121114,TMAX,44,,,7,0500
USC00116200,20121114,TMIN,-39,,,7,0500
USC00116200,20121114,TOBS,-17,,,7,0500
USC00116200,20121114,PRCP,0,,,7,0500
USC00116200,20121114,SNOW,0,,,7,
USC00116200,20121114,SNWD,0,,,7,0500
USC00116200,20121115,TMAX,94,,,7,0500
USC00116200,20121115,TMIN,-44,,,7,0500
USC00116200,20121115,TOBS,-44,,,7,0500
USC00116200,20121115,PRCP,0,,,7,0500
USC00116200,20121115,SNOW,0,,,7,
USC00116200,20121115,SNWD,0,,,7,0500
USC00116200,20121116,TMAX,111,,,7,0500
USC00116200,20121116,TMIN,-44,,,7,0500
USC00116200,20121116,TOBS,-6,,,7,0500
USC00116200,20121116,PRCP,0,,,7,0500
USC00116200,20121116,SNOW,0,,,7,
USC00116200,20121116,SNWD,0,,,7,0500
USC00116200,20121117,TMAX,139,,,7,0500
USC00116200,20121117,TMIN,-33,,,7,0500
USC00116200,20121117,TOBS,-33,,,7,0500
USC00116200,20121117,PRCP,0,,,7,0500
USC00116200,20121117,SNOW,0,,,7,
USC00116200,20121117,SNWD,0,,,7,0500
USC00116200,20121118,TMAX,128,,,7,0500
USC00116200,20121118,TMIN,-33,,,7,0500
USC00116200,20121118,TOBS,-6,,,7,0500
USC00116200,20121118,PRCP,0,,,7,0500
USC00116200,20121118,SNOW,0,,,7,
USC00116200,20121118,SNWD,0,,,7,0500
USC00116200,20121119,TMAX,156,,,7,0500
USC00116200,20121119,TMIN,-6,,,7,0500
USC00116200,20121119,TOBS,72,,,7,0500
USC00116200,20121119,PRCP,0,,,7,0500
USC00116200,20121119,SNOW,0,,,7,
USC00116200,20121119,SNWD,0,,,7,0500
USC00116200,20121120,TMAX,128,,,7,0500
USC00116200,20121120,TMIN,50,,,7,0500
USC00116200,20121120,TOBS,94,,,7,0500
USC00116200,20121120,PRCP,0,T,,7,0500
USC00116200,20121120,SNOW,0,,,7,
USC00116200,20121120,SNWD,0,,,7,0500
USC00116200,20121121,TMAX,167,,,7,0500
USC00116200,20121121,TMIN,0,,,7,0500
USC00116200,20121121,TOBS,0,,,7,0500
USC00116200,20121121,PRCP,0,,,7,0500
USC00116200,20121121,SNOW,0,,,7,
USC00116200,20121121,SNWD,0,,,7,0500
USC00116200,20121121,WT01,1,,,7,
USC00116200,20121122,TMAX,150,,,7,0500
USC00116200,20121122,TMIN,0,,,7,0500
USC00116200,20121122,TOBS,94,,,7,0500
USC00116200,20121122,PRCP,0,,,7,0500
USC00116200,20121122,SNOW,0,,,7,
USC00116200,20121122,SNWD,0,,,7,0500
USC00116200,20121122,WT01,1,,,7,
USC00116200,20121123,TMAX,178,,,7,0500
USC00116200,20121123,TMIN,6,,,7,0500
USC00116200,20121123,TOBS,6,,,7,0500
USC00116200,20121123,PRCP,5,,,7,0500
USC00116200,20121123,SNOW,0,,,7,
USC00116200,20121123,SNWD,0,,,7,0500
USC00116200,20121123,WT03,1,,,7,
USC00116200,20121124,TMAX,33,,,7,0500
USC00116200,20121124,TMIN,-61,,,7,0500
USC00116200,20121124,TOBS,-50,,,7,0500
USC00116200,20121124,PRCP,0,,,7,0500
USC00116200,20121124,SNOW,0,,,7,
USC00116200,20121124,SNWD,0,,,7,0500
USC00116200,20121125,TMAX,17,,,7,0500
USC00116200,20121125,TMIN,-50,,,7,0500
USC00116200,20121125,TOBS,6,,,7,0500
USC00116200,20121125,PRCP,0,,,7,0500
USC00116200,20121125,SNOW,0,,,7,
USC00116200,20121125,SNWD,0,,,7,0500
USC00116200,20121126,TMAX,94,,,7,0500
USC00116200,20121126,TMIN,-6,,,7,0500
USC00116200,20121126,TOBS,-6,,,7,0500
USC00116200,20121126,PRCP,0,,,7,0500
USC00116200,20121126,SNOW,0,,,7,
USC00116200,20121126,SNWD,0,,,7,0500
USC00116200,20121127,TMAX,17,,,7,0500
USC00116200,20121127,TMIN,-94,,,7,0500
USC00116200,20121127,TOBS,-94,,,7,0500
USC00116200,20121127,PRCP,0,T,,7,0500
USC00116200,20121127,SNOW,0,,,7,
USC00116200,20121127,SNWD,0,,,7,0500
USC00116200,20121128,TMAX,44,,,7,0500
USC00116200,20121128,TMIN,-94,,,7,0500
USC00116200,20121128,TOBS,-44,,,7,0500
USC00116200,20121128,PRCP,0,,,7,0500
USC00116200,20121128,SNOW,0,,,7,
USC00116200,20121128,SNWD,0,,,7,0500
USC00116200,20121129,TMAX,106,,,7,0500
USC00116200,20121129,TMIN,-44,,,7,0500
USC00116200,20121129,TOBS,-6,,,7,0500
USC00116200,20121129,PRCP,0,,,7,0500
USC00116200,20121129,SNOW,0,,,7,
USC00116200,20121129,SNWD,0,,,7,0500
USC00116200,20121130,TMAX,117,,,7,0500
USC00116200,20121130,TMIN,-22,,,7,0500
USC00116200,20121130,TOBS,50,,,7,0500
USC00116200,20121130,PRCP,0,,,7,0500
USC00116200,20121130,SNOW,0,,,7,
USC00116200,20121130,SNWD,0,,,7,0500
USC00116200,20121201,TMAX,150,,,7,0500
USC00116200,20121201,TMIN,11,,,7,0500
USC00116200,20121201,TOBS,50,,,7,0500
USC00116200,20121201,PRCP,0,,,7,0500
USC00116200,20121201,SNOW,0,,,7,
USC00116200,20121201,SNWD,0,,,7,0500
USC00116200,20121202,TMAX,167,,,7,0500
USC00116200,20121202,TMIN,39,,,7,0500
USC00116200,20121202,TOBS,128,,,7,0500
USC00116200,20121202,PRCP,0,T,,7,0500
USC00116200,20121202,SNOW,0,,,7,
USC00116200,20121202,SNWD,0,,,7,0500
USC00116200,20121202,WT01,1,,,7,
USC00116200,20121203,TMAX,183,,,7,0500
USC00116200,20121203,TMIN,72,,,7,0500
USC00116200,20121203,TOBS,150,,,7,0500
USC00116200,20121203,PRCP,0,,,7,0500
USC00116200,20121203,SNOW,0,,,7,
USC00116200,20121203,SNWD,0,,,7,0500
USC00116200,20121203,WT01,1,,,7,
USC00116200,20121204,TMAX,222,,,7,0500
USC00116200,20121204,TMIN,94,,,7,0500
USC00116200,20121204,TOBS,94,,,7,0500
USC00116200,20121204,PRCP,173,,,7,0500
USC00116200,20121204,SNOW,0,,,7,
USC00116200,20121204,SNWD,0,,,7,0500
USC00116200,20121204,WT01,1,,,7,
USC00116200,20121205,TMAX,139,,,7,0500
USC00116200,20121205,TMIN,-17,,,7,0500
USC00116200,20121205,TOBS,-17,,,7,0500
USC00116200,20121205,PRCP,0,T,,7,0500
USC00116200,20121205,SNOW,0,,,7,
USC00116200,20121205,SNWD,0,,,7,0500
USC00116200,20121206,TMAX,67,,,7,0500
USC00116200,20121206,TMIN,-22,,,7,0500
USC00116200,20121206,TOBS,0,,,7,0500
USC00116200,20121206,PRCP,0,,,7,0500
USC00116200,20121206,SNOW,0,,,7,
USC00116200,20121206,SNWD,0,,,7,0500
USC00116200,20121207,TMAX,117,,,7,0500
USC00116200,20121207,TMIN,-6,,,7,0500
USC00116200,20121207,TOBS,56,,,7,0500
USC00116200,20121207,PRCP,0,T,,7,0500
USC00116200,20121207,SNOW,0,,,7,
USC00116200,20121207,SNWD,0,,,7,0500
USC00116200,20121207,WT01,1,,,7,
USC00116200,20121208,TMAX,83,,,7,0500
USC00116200,20121208,TMIN,22,,,7,0500
USC00116200,20121208,TOBS,22,,,7,0500
USC00116200,20121208,PRCP,13,,,7,0500
USC00116200,20121208,SNOW,0,,,7,
USC00116200,20121208,SNWD,0,,,7,0500
USC00116200,20121208,WT01,1,,,7,
USC00116200,20121209,TMAX,61,,,7,0500
USC00116200,20121209,TMIN,22,,,7,0500
USC00116200,20121209,TOBS,33,,,7,0500
USC00116200,20121209,PRCP,18,,,7,0500
USC00116200,20121209,SNOW,0,,,7,
USC00116200,20121209,SNWD,0,,,7,0500
USC00116200,20121209,WT01,1,,,7,
USC00116200,20121210,TMAX,67,,,7,0500
USC00116200,20121210,TMIN,-33,,,7,0500
USC00116200,20121210,TOBS,-33,,,7,0500
USC00116200,20121210,PRCP,10,,,7,0500
USC00116200,20121210,SNOW,0,,,7,
USC00116200,20121210,SNWD,0,,,7,0500
USC00116200,20121210,WT01,1,,,7,
USC00116200,20121211,TMAX,-17,,,7,0500
USC00116200,20121211,TMIN,-56,,,7,0500
USC00116200,20121211,TOBS,-56,,,7,0500
USC00116200,20121211,PRCP,0,,,7,0500
USC00116200,20121211,SNOW,0,,,7,
USC00116200,20121211,SNWD,0,,,7,0500
USC00116200,20121212,TMAX,33,,,7,0500
USC00116200,20121212,TMIN,-56,,,7,0500
USC00116200,20121212,TOBS,-33,,,7,0500
USC00116200,20121212,PRCP,0,,,7,0500
USC00116200,20121212,SNOW,0,,,7,
USC00116200,20121212,SNWD,0,,,7,0500
USC00116200,20121213,TMAX,83,,,7,0500
USC00116200,20121213,TMIN,-50,,,7,0500
USC00116200,20121213,TOBS,-11,,,7,0500
USC00116200,20121213,PRCP,0,,,7,0500
USC00116200,20121213,SNOW,0,,,7,
USC00116200,20121213,SNWD,0,,,7,0500
USC00116200,20121214,TMAX,89,,,7,0500
USC00116200,20121214,TMIN,-11,,,7,0500
USC00116200,20121214,TOBS,11,,,7,0500
USC00116200,20121214,PRCP,0,,,7,0500
USC00116200,20121214,SNOW,0,,,7,
USC00116200,20121214,SNWD,0,,,7,0500
USC00116200,20121215,TMAX,111,,,7,0500
USC00116200,20121215,TMIN,11,,,7,0500
USC00116200,20121215,TOBS,61,,,7,0500
USC00116200,20121215,PRCP,64,,,7,0500
USC00116200,20121215,SNOW,0,,,7,
USC00116200,20121215,SNWD,0,,,7,0500
USC00116200,20121216,TMAX,111,,,7,0500
USC00116200,20121216,TMIN,56,,,7,0500
USC00116200,20121216,TOBS,78,,,7,0500
USC00116200,20121216,PRCP,38,,,7,0500
USC00116200,20121216,SNOW,0,,,7,
USC00116200,20121216,SNWD,0,,,7,0500
USC00116200,20121216,WT01,1,,,7,
USC00116200,20121217,TMAX,89,,,7,0500
USC00116200,20121217,TMIN,22,,,7,0500
USC00116200,20121217,TOBS,22,,,7,0500
USC00116200,20121217,PRCP,0,,,7,0500
USC00116200,20121217,SNOW,0,,,7,
USC00116200,20121217,SNWD,0,,,7,0500
USC00116200,20121218,TMAX,33,,,7,0500
USC00116200,20121218,TMIN,0,,,7,0500
USC00116200,20121218,TOBS,6,,,7,0500
USC00116200,20121218,PRCP,13,,,7,0500
USC00116200,20121218,SNOW,0,,,7,
USC00116200,20121218,SNWD,0,,,7,0500
USC00116200,20121218,WT01,1,,,7,
USC00116200,20121219,TMAX,83,,,7,0500
USC00116200,20121219,TMIN,-6,,,7,0500
USC00116200,20121219,TOBS,6,,,7,0500
USC00116200,20121219,PRCP,0,,,7,0500
USC00116200,20121219,SNOW,0,,,7,
USC00116200,20121219,SNWD,0,,,7,0500
USC00116200,20121220,TMAX,83,,,7,0500
USC00116200,20121220,TMIN,0,,,7,0500
USC00116200,20121220,TOBS,83,,,7,0500
USC00116200,20121220,PRCP,165,,,7,0500
USC00116200,20121220,SNOW,0,,,7,
USC00116200,20121220,SNWD,0,,,7,0500
USC00116200,20121220,WT03,1,,,7,
USC00116200,20121221,TMAX,100,,,7,0500
USC00116200,20121221,TMIN,-78,,,7,0500
USC00116200,20121221,TOBS,-78,,,7,0500
USC00116200,20121221,PRCP,18,,,7,0500
USC00116200,20121221,SNOW,30,,,7,
USC00116200,20121221,SNWD,25,,,7,0500
USC00116200,20121222,TMAX,-22,,,7,0500
USC00116200,20121222,TMIN,-111,,,7,0500
USC00116200,20121222,TOBS,-111,,,7,0500
USC00116200,20121222,PRCP,0,,,7,0500
USC00116200,20121222,SNOW,0,,,7,
USC00116200,20121222,SNWD,25,,,7,0500
USC00116200,20121223,TMAX,-11,,,7,0500
USC00116200,20121223,TMIN,-117,,,7,0500
USC00116200,20121223,TOBS,-67,,,7,0500
USC00116200,20121223,PRCP,0,,,7,0500
USC00116200,20121223,SNOW,0,,,7,
USC00116200,20121223,SNWD,25,,,7,0500
USC00116200,20121224,TMAX,17,,,7,0500
USC00116200,20121224,TMIN,-111,,,7,0500
USC00116200,20121224,TOBS,-22,,,7,0500
USC00116200,20121224,PRCP,0,,,7,0500
USC00116200,20121224,SNOW,0,,,7,
USC00116200,20121224,SNWD,0,,,7,0500
USC00116200,20121225,TMAX,11,,,7,0500
USC00116200,20121225,TMIN,-56,,,7,0500
USC00116200,20121225,TOBS,-56,,,7,0500
USC00116200,20121225,PRCP,0,,,7,0500
USC00116200,20121225,SNOW,0,,,7,
USC00116200,20121225,SNWD,0,,,7,0500
USC00116200,20121225,WT01,1,,,7,
USC00116200,20121226,TMAX,-11,,,7,0500
USC00116200,20121226,TMIN,-56,,,7,0500
USC00116200,20121226,TOBS,-11,,,7,0500
USC00116200,20121226,PRCP,0,,,7,0500
USC00116200,20121226,SNOW,0,,,7,
USC00116200,20121226,SNWD,0,,,7,0500
USC00116200,20121227,TMAX,6,,,7,0500
USC00116200,20121227,TMIN,-39,,,7,0500
USC00116200,20121227,TOBS,-39,,,7,0500
USC00116200,20121227,PRCP,0,,,7,0500
USC00116200,20121227,SNOW,0,,,7,
USC00116200,20121227,SNWD,0,,,7,0500
USC00116200,20121228,TMAX,0,,,7,0500
USC00116200,20121228,TMIN,-39,,,7,0500
USC00116200,20121228,TOBS,-28,,,7,0500
USC00116200,20121228,PRCP,0,,,7,0500
USC00116200,20121228,SNOW,0,,,7,
USC00116200,20121228,SNWD,0,,,7,0500
USC00116200,20121229,TMAX,11,,,7,0500
USC00116200,20121229,TMIN,-28,,,7,0500
USC00116200,20121229,TOBS,-17,,,7,0500
USC00116200,20121229,PRCP,0,,,7,0500
USC00116200,20121229,SNOW,0,,,7,
USC00116200,20121229,SNWD,0,,,7,0500
USC00116200,20121230,TMAX,-17,,,7,0500
USC00116200,20121230,TMIN,-100,,,7,0500
USC00116200,20121230,TOBS,-89,,,7,0500
USC00116200,20121230,PRCP,0,,,7,0500
USC00116200,20121230,SNOW,0,,,7,
USC00116200,20121230,SNWD,0,,,7,0500
USC00116200,20121231,TMAX,33,,,7,0500
USC00116200,20121231,TMIN,-89,,,7,0500
USC00116200,20121231,TOBS,0,,,7,0500
USC00116200,20121231,PRCP,0,,,7,0500
USC00116200,20121231,SNOW,0,,,7,
USC00116200,20121231,SNWD,0,,,7,0500
